114.708,422.642,70
116.705,422.54,70
118.702,422.437,70
120.7,422.335,70
122.697,422.233,70
124.695,422.13,70
126.677,421.867,70
128.659,421.597,70
130.62,421.205,70
132.475,420.542,70
134.127,419.42,70
135.589,418.074,70
136.834,416.511,70
137.815,414.769,70
138.222,412.823,70
138.358,410.847,70
138.088,408.866,70
137.383,407,70
136.612,405.158,70
135.295,403.653,70
133.977,402.149,70
132.409,400.909,70
130.836,399.673,70
129.201,398.523,70
127.54,397.41,70
125.878,396.296,70
124.217,395.183,70
122.556,394.069,70
120.894,392.956,70
119.251,391.817,70
117.638,390.634,70
116.026,389.451,70
114.413,388.268,70
112.8,387.085,70
111.188,385.902,70
109.575,384.718,70
107.963,383.535,70
106.35,382.352,70
104.738,381.169,70
103.125,379.986,70
101.513,378.803,70
114.582,349.937,65
116.543,350.332,65
118.504,350.727,65
120.464,351.122,65
122.425,351.517,65
124.385,351.913,65
126.354,352.265,65
128.329,352.575,65
130.305,352.885,65
132.281,353.195,65
134.257,353.506,65
136.233,353.816,65
138.214,354.06,65
140.214,354.073,65
142.214,354.085,65
144.214,354.098,65
146.213,354.111,65
148.208,354.015,65
150.197,353.801,65
152.174,353.511,65
154.125,353.102,65
155.949,352.287,65
157.62,351.188,65
159.152,349.914,65
160.535,348.476,65
161.766,346.899,65
162.927,345.279,65
163.829,343.494,65
164.533,341.646,65
164.807,339.666,65
164.693,337.67,65
164.411,335.7,65
163.891,333.769,65
163.276,331.868,65
162.586,329.99,65
161.714,328.205,65
160.622,326.529,65
159.526,324.856,65
158.225,323.338,65
156.924,321.819,65
155.532,320.383,65
154.134,318.953,65
152.599,317.671,65
151.057,316.398,65
149.514,315.126,65
147.897,313.958,65
146.18,312.932,65
144.463,311.906,65
142.747,310.88,65
140.996,309.92,65
139.17,309.104,65
137.343,308.288,65
135.488,307.548,65
133.585,306.932,65
131.683,306.316,65
177.012,517.536,65
176.757,515.552,65
176.503,513.569,65
176.248,511.585,65
175.994,509.601,65
175.739,507.617,65
175.485,505.634,65
175.23,503.65,65
175.344,501.654,65
175.465,499.657,65
175.586,497.661,65
176.01,495.721,65
176.627,493.819,65
177.416,491.981,65
178.413,490.253,65
179.542,488.613,65
180.992,487.236,65
182.545,485.979,65
184.137,484.769,65
185.901,483.835,65
187.694,482.948,65
189.486,482.062,65
191.365,481.398,65
193.29,480.855,65
195.214,480.312,65
197.139,479.768,65
199.082,479.297,65
201.04,478.89,65
202.998,478.482,65
204.956,478.074,65
206.914,477.669,65
208.877,477.285,65
210.84,476.901,65
212.803,476.518,65
214.766,476.134,65
216.724,475.73,65
218.682,475.321,65
220.64,474.915,65
222.616,474.603,65
224.591,474.292,65
226.567,473.98,65
228.543,473.668,65
230.486,473.197,65
232.428,472.719,65
234.37,472.24,65
236.312,471.762,65
238.254,471.283,65
240.141,470.631,65
242.006,469.91,65
243.872,469.189,65
245.715,468.418,65
247.5,467.516,65
249.285,466.614,65
251.002,465.604,65
252.581,464.377,65
254.117,463.1,65
255.532,461.687,65
256.867,460.208,65
257.972,458.541,65
259.077,456.874,65
259.999,455.108,65
260.784,453.269,65
261.47,451.396,65
261.963,449.457,65
262.113,447.493,65
261.921,445.502,65
261.729,443.511,65
261.393,441.547,65
260.867,439.617,65
260.192,437.746,65
259.275,435.968,65
258.358,434.191,65
257.268,432.529,65
255.979,431,65
254.69,429.471,65
253.167,428.189,65
251.566,426.99,65
249.965,425.792,65
248.253,424.772,65
246.467,423.872,65
244.681,422.973,65
242.858,422.163,65
240.953,421.553,65
239.048,420.943,65
237.144,420.334,65
235.234,419.752,65
233.236,419.653,65
231.238,419.555,65
229.241,419.456,65
227.241,419.441,65
225.241,419.441,65
223.241,419.441,65
221.241,419.441,65
219.241,419.441,65
217.241,419.441,65
215.245,419.564,65
213.249,419.69,65
211.253,419.816,65
209.259,419.966,65
207.265,420.129,65
205.272,420.292,65
203.281,420.476,65
201.295,420.71,65
199.308,420.945,65
197.322,421.179,65
195.345,421.476,65
193.367,421.777,65
191.39,422.077,65
189.417,422.399,65
187.469,422.852,65
185.521,423.305,65
183.572,423.757,65
181.63,424.227,65
179.769,424.961,65
177.909,425.695,65
176.048,426.429,65
174.188,427.163,65
172.327,427.896,65
170.475,428.652,65
168.627,429.416,65
166.779,430.18,65
164.931,430.944,65
163.082,431.708,65
161.236,432.477,65
159.396,433.26,65
157.556,434.044,65
155.716,434.828,65
153.876,435.612,65
152.036,436.395,65
150.197,437.183,65
148.361,437.976,65
146.525,438.768,65
144.689,439.561,65
142.863,440.379,65
141.047,441.216,65
139.231,442.054,65
137.367,442.76,65
135.437,443.284,65
133.507,443.807,65
131.563,444.263,65
129.579,444.51,65
127.594,444.758,65
125.609,445.005,65
123.625,445.253,65
145.862,494.834,60
146.741,493.038,60
147.621,491.242,60
148.594,489.503,60
149.794,487.903,60
150.995,486.304,60
152.317,484.808,60
153.717,483.381,60
155.176,482.014,60
156.687,480.704,60
158.198,479.394,60
159.906,478.364,60
161.652,477.389,60
163.509,476.658,60
165.391,475.981,60
167.273,475.304,60
169.176,474.695,60
171.115,474.207,60
173.055,473.719,60
174.994,473.231,60
176.942,472.779,60
178.905,472.397,60
180.868,472.015,60
182.831,471.633,60
184.81,471.344,60
186.791,471.065,60
188.771,470.786,60
190.752,470.506,60
192.73,470.212,60
194.704,469.895,60
196.679,469.578,60
198.654,469.26,60
200.628,468.943,60
202.603,468.624,60
204.577,468.305,60
206.552,467.986,60
208.526,467.667,60
210.5,467.346,60
212.458,466.939,60
214.416,466.532,60
216.374,466.124,60
218.332,465.717,60
220.291,465.31,60
222.22,464.787,60
224.14,464.227,60
226.06,463.667,60
227.98,463.107,60
229.895,462.531,60
231.794,461.906,60
233.694,461.28,60
235.564,460.573,60
237.42,459.827,60
239.263,459.06,60
240.807,457.789,60
242.081,456.264,60
243.254,454.644,60
243.975,452.778,60
244.599,450.89,60
244.78,448.898,60
244.849,446.902,60
244.819,444.903,60
244.56,442.931,60
244.103,440.984,60
243.315,439.171,60
242.286,437.456,60
241.083,435.894,60
239.513,434.655,60
237.89,433.516,60
235.982,432.918,60
234.073,432.32,60
232.165,431.722,60
230.223,431.273,60
228.242,430.994,60
226.262,430.715,60
224.281,430.436,60
222.301,430.157,60
220.306,430.072,60
218.306,430.046,60
216.306,430.02,60
214.306,429.993,60
212.306,429.964,60
210.307,429.922,60
208.307,429.881,60
206.308,429.84,60
204.308,429.798,60
202.316,429.962,60
200.324,430.145,60
198.333,430.329,60
196.341,430.512,60
194.355,430.74,60
192.378,431.045,60
190.402,431.351,60
188.425,431.656,60
186.449,431.962,60
184.472,432.267,60
182.528,432.732,60
180.587,433.214,60
178.646,433.695,60
176.704,434.177,60
174.782,434.729,60
172.865,435.297,60
170.948,435.866,60
169.03,436.435,60
167.113,437.004,60
165.195,437.572,60
163.278,438.141,60
161.36,438.71,60
159.443,439.279,60
157.614,440.087,60
155.784,440.895,60
153.955,441.704,60
152.125,442.512,60
150.296,443.32,60
148.467,444.128,60
146.632,444.926,60
144.797,445.72,60
142.962,446.515,60
141.126,447.31,60
139.291,448.104,60
137.456,448.899,60
135.531,449.439,60
133.602,449.97,60
131.674,450.5,60
129.745,451.03,60
127.817,451.56,60
125.888,452.09,60
192.7,508.661,70
191.644,506.962,70
190.589,505.264,70
189.533,503.565,70
188.478,501.866,70
187.691,500.029,70
187.319,498.132,70
187.606,496.153,70
188.742,494.561,70
190.091,493.093,70
191.712,491.921,70
193.482,491.038,70
195.374,490.39,70
197.268,489.748,70
199.232,489.372,70
201.196,488.996,70
203.166,488.654,70
205.148,488.385,70
207.13,488.117,70
209.112,487.848,70
211.097,487.612,70
213.089,487.433,70
215.081,487.254,70
217.073,487.075,70
219.065,486.896,70
221.057,486.717,70
223.054,486.596,70
225.051,486.486,70
227.047,486.376,70
229.044,486.266,70
231.041,486.156,70
233.038,486.046,70
235.035,485.936,70
237.029,485.795,70
239.009,485.511,70
240.989,485.227,70
242.968,484.942,70
244.938,484.599,70
246.901,484.216,70
248.864,483.834,70
250.77,483.235,70
252.663,482.59,70
254.556,481.945,70
256.449,481.3,70
258.293,480.541,70
260.061,479.606,70
261.829,478.671,70
263.57,477.689,70
265.274,476.642,70
266.971,475.584,70
268.519,474.318,70
270.067,473.052,70
271.49,471.657,70
272.801,470.147,70
274.111,468.636,70
275.422,467.125,70
276.732,465.614,70
277.976,464.048,70
279.204,462.47,70
280.432,460.891,70
281.661,459.313,70
282.795,457.675,70
283.681,455.883,70
284.568,454.09,70
285.455,452.297,70
286.341,450.505,70
286.995,448.615,70
287.643,446.723,70
288.292,444.831,70
288.941,442.939,70
289.436,441.014,70
289.625,439.023,70
289.815,437.032,70
289.871,435.033,70
289.927,433.034,70
289.645,431.071,70
289.166,429.129,70
288.687,427.187,70
288.1,425.283,70
287.263,423.467,70
286.425,421.65,70
285.483,419.895,70
284.32,418.268,70
283.157,416.641,70
281.978,415.028,70
280.563,413.614,70
279.148,412.2,70
277.734,410.787,70
276.319,409.373,70
274.803,408.079,70
273.17,406.924,70
271.537,405.77,70
269.904,404.616,70
268.27,403.461,70
266.637,402.307,70
264.99,401.174,70
263.259,400.172,70
261.528,399.17,70
259.797,398.168,70
258.067,397.166,70
256.3,396.23,70
254.504,395.35,70
252.708,394.471,70
250.912,393.591,70
249.116,392.711,70
247.312,391.849,70
245.465,391.083,70
243.617,390.316,70
241.77,389.55,70
239.923,388.783,70
238.075,388.017,70
236.228,387.25,70
234.381,386.484,70
232.533,385.718,70
230.686,384.951,70
228.839,384.185,70
226.975,383.461,70
225.105,382.751,70
223.235,382.041,70
221.365,381.332,70
219.495,380.622,70
217.707,379.753,70
216.04,378.648,70
214.374,377.542,70
212.707,376.436,70
211.041,375.331,70
209.502,374.058,70
208.001,372.736,70
206.5,371.415,70
204.999,370.093,70
203.497,368.772,70
201.996,367.45,70
200.549,366.078,70
199.321,364.499,70
198.092,362.921,70
196.864,361.343,70
195.636,359.764,70
194.492,358.127,70
193.428,356.433,70
192.365,354.739,70
191.301,353.046,70
190.237,351.352,70
189.189,349.649,70
188.27,347.873,70
187.351,346.097,70
186.432,344.32,70
185.514,342.544,70
184.59,340.77,70
183.656,339.001,70
182.721,337.233,70
181.787,335.465,70
180.853,333.697,70
179.918,331.928,70
178.984,330.16,70
178.049,328.392,70
177.115,326.623,70
176.18,324.855,70
175.246,323.087,70
174.312,321.318,70
173.363,319.558,70
172.352,317.832,70
171.341,316.107,70
170.33,314.381,70
169.287,312.678,70
168.006,311.142,70
166.724,309.607,70
165.443,308.071,70
164.161,306.536,70
530.331,698.362,80
529.214,696.703,80
528.097,695.044,80
526.98,693.385,80
525.864,691.726,80
524.747,690.066,80
523.63,688.407,80
522.513,686.748,80
521.397,685.089,80
520.28,683.43,80
519.155,681.776,80
518.024,680.126,80
516.893,678.477,80
515.762,676.827,80
514.631,675.178,80
513.5,673.528,80
512.369,671.879,80
511.238,670.23,80
510.102,668.583,80
508.944,666.953,80
507.785,665.323,80
506.627,663.693,80
505.468,662.062,80
504.31,660.432,80
503.151,658.802,80
501.992,657.172,80
500.687,655.657,80
499.374,654.148,80
498.061,652.64,80
496.748,651.131,80
495.435,649.622,80
494.122,648.114,80
492.798,646.615,80
491.373,645.212,80
489.948,643.809,80
488.523,642.406,80
487.097,641.003,80
485.672,639.6,80
484.247,638.196,80
482.822,636.793,80
481.397,635.39,80
479.971,633.987,80
478.514,632.618,80
477.046,631.259,80
475.579,629.9,80
474.111,628.541,80
472.643,627.183,80
471.176,625.824,80
469.708,624.465,80
468.035,623.377,80
466.332,622.329,80
464.629,621.28,80
462.926,620.232,80
461.223,619.183,80
459.52,618.134,80
457.817,617.086,80
456.11,616.043,80
454.352,615.091,80
452.593,614.139,80
450.834,613.187,80
449.075,612.235,80
447.316,611.283,80
445.557,610.331,80
443.719,609.552,80
441.845,608.856,80
439.97,608.16,80
438.095,607.463,80
436.22,606.767,80
434.345,606.071,80
432.47,605.374,80
430.602,604.66,80
428.735,603.944,80
426.867,603.228,80
424.999,602.513,80
423.147,601.759,80
421.307,600.976,80
419.467,600.192,80
417.627,599.409,80
415.786,598.626,80
413.946,597.843,80
412.091,597.095,80
410.231,596.361,80
408.371,595.626,80
406.511,594.891,80
404.651,594.156,80
402.758,593.511,80
400.859,592.883,80
398.96,592.255,80
397.061,591.628,80
395.162,591,80
393.263,590.372,80
391.366,589.74,80
389.498,589.026,80
387.63,588.311,80
385.762,587.597,80
383.894,586.882,80
382.026,586.168,80
380.158,585.453,80
378.294,584.728,80
376.435,583.99,80
374.576,583.252,80
372.718,582.514,80
370.859,581.776,80
369,581.037,80
367.141,580.299,80
365.282,579.561,80
363.438,578.788,80
361.609,577.979,80
359.78,577.17,80
357.951,576.361,80
356.122,575.552,80
354.293,574.743,80
352.511,573.839,80
350.759,572.874,80
349.007,571.91,80
347.255,570.946,80
345.502,569.981,80
343.811,568.916,80
342.129,567.832,80
340.448,566.749,80
338.767,565.666,80
337.104,564.556,80
335.505,563.355,80
333.906,562.154,80
332.307,560.953,80
330.708,559.751,80
329.108,558.55,80
327.509,557.349,80
326.015,556.028,80
324.616,554.6,80
323.216,553.171,80
321.816,551.742,80
320.417,550.314,80
319.017,548.885,80
317.617,547.457,80
316.225,546.022,80
314.951,544.48,80
313.677,542.938,80
312.403,541.396,80
311.129,539.854,80
309.855,538.313,80
308.637,536.73,80
307.539,535.058,80
306.442,533.386,80
305.344,531.714,80
304.325,529.998,80
303.466,528.192,80
302.608,526.385,80
301.749,524.579,80
300.89,522.773,80
300.308,520.863,80
299.763,518.938,80
299.219,517.014,80
298.675,515.089,80
298.638,513.091,80
298.616,511.091,80
298.594,509.092,80
298.606,507.093,80
298.751,505.098,80
298.897,503.103,80
299.042,501.109,80
299.461,499.162,80
300.001,497.236,80
300.542,495.311,80
301.306,493.472,80
302.205,491.685,80
303.103,489.898,80
304.001,488.111,80
305.011,486.389,80
306.129,484.731,80
307.247,483.073,80
308.365,481.415,80
309.648,479.881,80
310.936,478.35,80
312.223,476.82,80
313.579,475.353,80
315.013,473.958,80
316.497,472.629,80
318.204,471.587,80
319.911,470.546,80
321.668,469.599,80
323.506,468.812,80
325.345,468.024,80
327.253,467.428,80
329.165,466.841,80
331.15,466.596,80
333.135,466.353,80
335.12,466.111,80
337.112,466.026,80
339.11,466.113,80
341.105,466.22,80
343.056,466.663,80
345.006,467.105,80
346.923,467.67,80
348.821,468.298,80
350.72,468.926,80
352.591,469.63,80
354.444,470.382,80
356.297,471.135,80
358.042,472.104,80
359.757,473.133,80
361.473,474.161,80
363.181,475.202,80
364.885,476.248,80
366.59,477.294,80
368.294,478.341,80
369.999,479.387,80
371.703,480.433,80
373.408,481.48,80
375.28,482.157,80
377.188,482.755,80
379.099,483.345,80
381.03,483.869,80
382.96,484.393,80
384.937,484.673,80
386.923,484.914,80
388.917,485.007,80
390.916,484.989,80
392.909,484.898,80
394.869,484.502,80
396.829,484.105,80
398.784,483.679,80
400.738,483.254,80
402.655,482.735,80
404.372,481.709,80
406.089,480.684,80
407.47,479.242,80
408.833,477.778,80
410.06,476.21,80
411.125,474.517,80
412.19,472.825,80
412.994,470.998,80
413.74,469.143,80
414.487,467.287,80
415.073,465.382,80
415.511,463.431,80
415.948,461.479,80
416.231,459.503,80
416.413,457.512,80
416.595,455.52,80
416.776,453.528,80
416.812,451.537,80
416.623,449.546,80
416.434,447.555,80
416.24,445.564,80
415.864,443.6,80
415.489,441.635,80
415.113,439.671,80
414.554,437.76,80
413.822,435.898,80
413.09,434.037,80
412.358,432.176,80
411.4,430.435,80
410.269,428.785,80
409.139,427.135,80
408.008,425.485,80
406.877,423.836,80
405.681,422.234,80
404.457,420.652,80
403.234,419.069,80
402.011,417.487,80
400.788,415.905,80
399.333,414.537,80
397.845,413.201,80
396.357,411.864,80
394.87,410.528,80
393.369,409.207,80
391.755,408.026,80
390.141,406.844,80
388.527,405.663,80
386.781,404.693,80
385.015,403.754,80
383.249,402.816,80
381.483,401.877,80
379.717,400.939,80
377.951,400,80
376.179,399.072,80
374.388,398.183,80
372.596,397.294,80
370.804,396.406,80
369.012,395.517,80
367.166,394.756,80
365.288,394.069,80
363.41,393.381,80
361.532,392.693,80
359.641,392.043,80
357.731,391.448,80
355.822,390.852,80
353.913,390.257,80
352.003,389.662,80
350.094,389.066,80
348.185,388.471,80
346.269,387.897,80
344.35,387.334,80
342.431,386.77,80
340.512,386.207,80
338.593,385.644,80
336.641,385.226,80
334.667,384.901,80
332.694,384.576,80
330.72,384.251,80
328.747,383.926,80
326.774,383.601,80
324.8,383.276,80
322.827,382.951,80
320.853,382.626,80
318.866,382.402,80
316.876,382.203,80
314.886,382.003,80
312.896,381.803,80
310.906,381.604,80
308.916,381.404,80
306.926,381.204,80
304.944,380.949,80
302.967,380.643,80
300.99,380.338,80
299.014,380.032,80
297.037,379.727,80
295.061,379.422,80
293.084,379.116,80
291.108,378.811,80
289.131,378.506,80
287.168,378.127,80
285.216,377.691,80
283.264,377.256,80
281.312,376.82,80
279.361,376.384,80
277.409,375.949,80
275.48,375.429,80
273.58,374.803,80
271.68,374.178,80
269.781,373.552,80
267.881,372.926,80
265.982,372.301,80
264.082,371.675,80
262.211,370.978,80
260.392,370.144,80
258.574,369.311,80
256.756,368.478,80
254.938,367.645,80
253.125,366.801,80
251.356,365.867,80
249.588,364.933,80
247.819,363.999,80
246.05,363.066,80
244.282,362.132,80
242.611,361.041,80
240.99,359.869,80
239.37,358.697,80
237.749,357.525,80
236.183,356.284,80
234.683,354.962,80
233.182,353.64,80
231.681,352.318,80
230.18,350.996,80
228.68,349.674,80
227.294,348.232,80
225.908,346.79,80
224.522,345.348,80
223.135,343.907,80
221.749,342.465,80
220.405,340.992,80
219.399,339.263,80
218.393,337.534,80
217.387,335.806,80
216.382,334.077,80
215.376,332.348,80
214.37,330.62,80
213.419,328.861,80
212.497,327.086,80
211.575,325.311,80
210.653,323.536,80
209.731,321.761,80
208.809,319.987,80
207.887,318.212,80
206.879,316.489,80
205.755,314.834,80
204.631,313.18,80
203.508,311.525,80
202.384,309.871,80
201.26,308.216,80
200.137,306.562,80
199.013,304.907,80
197.814,303.31,80
196.511,301.793,80
195.207,300.276,80
193.904,298.759,80
192.6,297.243,80
191.306,295.718,80
190.052,294.16,80
188.799,292.601,80
187.546,291.043,80
186.292,289.484,80
185.039,287.926,80
183.785,286.367,80
182.379,284.946,80
180.966,283.531,80
179.553,282.115,80
178.14,280.7,80
176.726,279.285,80
175.313,277.869,80
173.9,276.454,80
172.487,275.039,80
171.063,273.635,80
169.563,272.312,80
168.064,270.988,80
166.564,269.665,80
165.065,268.341,80
163.566,267.018,80
162.066,265.694,80
160.566,264.372,80
159.063,263.052,80
157.56,261.732,80
156.058,260.413,80
154.53,259.123,80
152.965,257.878,80
151.4,256.632,80
149.835,255.387,80
148.27,254.141,80
146.705,252.896,80
145.14,251.651,80
143.575,250.405,80
559.671,695.176,90
558.425,693.611,90
557.171,692.053,90
555.91,690.5,90
554.65,688.947,90
553.39,687.394,90
552.128,685.843,90
550.787,684.359,90
549.446,682.875,90
548.105,681.391,90
546.764,679.907,90
545.423,678.423,90
544.082,676.94,90
542.741,675.456,90
541.4,673.972,90
540.059,672.488,90
538.718,671.004,90
537.356,669.54,90
535.987,668.081,90
534.619,666.623,90
533.25,665.164,90
531.882,663.706,90
530.514,662.247,90
529.1,660.833,90
527.679,659.425,90
526.259,658.017,90
524.838,656.61,90
523.431,655.188,90
522.089,653.706,90
520.746,652.224,90
519.403,650.741,90
518.061,649.259,90
516.718,647.777,90
515.379,646.291,90
514.064,644.785,90
512.748,643.278,90
511.432,641.772,90
510.117,640.266,90
508.801,638.759,90
507.485,637.253,90
506.169,635.747,90
504.854,634.241,90
503.536,632.736,90
502.169,631.277,90
500.801,629.818,90
499.433,628.358,90
498.065,626.899,90
496.697,625.44,90
495.329,623.981,90
493.983,622.502,90
492.643,621.018,90
491.302,619.533,90
489.962,618.049,90
488.622,616.565,90
487.281,615.08,90
485.941,613.596,90
484.601,612.111,90
483.26,610.627,90
481.92,609.142,90
480.637,607.609,90
479.369,606.062,90
478.102,604.514,90
476.835,602.967,90
475.567,601.42,90
474.413,599.79,90
473.313,598.12,90
472.213,596.449,90
471.13,594.769,90
470.206,592.995,90
469.282,591.222,90
468.357,589.448,90
467.433,587.674,90
466.519,585.896,90
465.701,584.071,90
464.883,582.246,90
464.114,580.401,90
463.484,578.503,90
462.854,576.605,90
462.224,574.707,90
461.594,572.809,90
460.964,570.911,90
460.388,568.996,90
459.837,567.073,90
459.286,565.151,90
458.735,563.228,90
458.357,561.267,90
458.052,559.291,90
457.748,557.314,90
457.443,555.337,90
457.141,553.36,90
457.015,551.364,90
456.889,549.368,90
456.82,547.372,90
456.917,545.374,90
457.014,543.377,90
457.112,541.379,90
457.317,539.391,90
457.572,537.407,90
457.827,535.424,90
458.082,533.44,90
458.349,531.458,90
458.688,529.487,90
459.026,527.516,90
459.364,525.545,90
459.703,523.573,90
460.045,521.603,90
460.39,519.633,90
460.736,517.663,90
461.082,515.693,90
461.428,513.723,90
461.773,511.753,90
462.019,509.77,90
462.216,507.78,90
462.414,505.789,90
462.611,503.799,90
462.704,501.802,90
462.765,499.803,90
462.826,497.804,90
462.887,495.805,90
462.748,493.81,90
462.599,491.816,90
462.439,489.822,90
462.193,487.838,90
461.948,485.853,90
461.702,483.868,90
461.386,481.894,90
460.998,479.932,90
460.609,477.971,90
460.22,476.009,90
459.798,474.054,90
459.357,472.103,90
458.915,470.153,90
458.473,468.202,90
458.032,466.251,90
457.59,464.301,90
457.13,462.354,90
456.635,460.417,90
456.14,458.479,90
455.644,456.541,90
455.06,454.63,90
454.432,452.731,90
453.805,450.832,90
453.177,448.933,90
452.549,447.034,90
451.921,445.135,90
451.293,443.236,90
450.651,441.342,90
449.993,439.454,90
449.335,437.565,90
448.487,435.758,90
447.566,433.983,90
446.644,432.208,90
445.723,430.433,90
444.801,428.658,90
443.87,426.888,90
442.862,425.161,90
441.853,423.434,90
440.672,421.82,90
439.486,420.21,90
438.299,418.6,90
437.113,416.99,90
435.926,415.38,90
434.685,413.815,90
433.325,412.349,90
431.965,410.882,90
430.605,409.416,90
429.124,408.076,90
427.595,406.787,90
426.066,405.498,90
424.537,404.209,90
423.008,402.92,90
421.447,401.67,90
419.843,400.477,90
418.238,399.283,90
416.624,398.102,90
414.976,396.969,90
413.328,395.835,90
411.668,394.72,90
409.95,393.698,90
408.231,392.676,90
406.496,391.68,90
404.745,390.715,90
402.993,389.749,90
401.188,388.891,90
399.364,388.07,90
397.54,387.25,90
395.717,386.429,90
393.893,385.608,90
392.056,384.819,90
390.195,384.086,90
388.334,383.352,90
386.473,382.619,90
384.614,381.883,90
382.759,381.135,90
380.904,380.387,90
379.049,379.639,90
377.195,378.89,90
375.332,378.162,90
373.458,377.464,90
371.584,376.766,90
369.709,376.068,90
367.835,375.37,90
365.961,374.673,90
364.085,373.98,90
362.184,373.356,90
360.284,372.732,90
358.384,372.108,90
356.484,371.485,90
354.584,370.861,90
352.683,370.237,90
350.773,369.644,90
348.863,369.051,90
346.953,368.458,90
345.043,367.865,90
343.133,367.272,90
341.223,366.679,90
339.325,366.049,90
337.441,365.378,90
335.557,364.707,90
333.673,364.036,90
331.789,363.364,90
329.905,362.693,90
328.021,362.022,90
326.136,361.353,90
324.25,360.688,90
322.363,360.024,90
320.477,359.359,90
318.591,358.695,90
316.704,358.03,90
314.818,357.366,90
312.932,356.701,90
311.045,356.037,90
309.159,355.372,90
307.272,354.708,90
305.393,354.023,90
303.515,353.337,90
301.636,352.652,90
299.757,351.966,90
297.878,351.28,90
295.999,350.595,90
294.121,349.909,90
292.242,349.223,90
290.363,348.538,90
288.484,347.852,90
286.639,347.081,90
284.8,346.296,90
282.96,345.511,90
281.121,344.725,90
279.282,343.94,90
277.442,343.154,90
275.603,342.369,90
273.764,341.584,90
271.959,340.723,90
270.165,339.84,90
268.37,338.957,90
266.576,338.073,90
264.884,337.017,90
263.244,335.871,90
261.605,334.726,90
259.965,333.581,90
258.553,332.171,90
257.174,330.722,90
255.796,329.273,90
254.716,327.6,90
253.712,325.87,90
252.708,324.14,90
251.704,322.411,90
250.936,320.567,90
250.211,318.704,90
249.485,316.84,90
249.038,314.901,90
248.734,312.925,90
248.43,310.948,90
248.303,308.963,90
248.435,306.968,90
248.568,304.972,90
248.701,302.977,90
249.192,301.055,90
249.861,299.17,90
250.53,297.285,90
251.23,295.413,90
251.968,293.554,90
252.706,291.695,90
253.444,289.836,90
254.247,288.004,90
255.058,286.176,90
255.87,284.348,90
256.694,282.526,90
257.591,280.739,90
258.489,278.951,90
259.386,277.164,90
260.283,275.377,90
261.198,273.598,90
262.122,271.825,90
263.046,270.051,90
263.971,268.277,90
264.895,266.503,90
265.819,264.73,90
266.693,262.931,90
267.541,261.12,90
268.388,259.308,90
269.236,257.497,90
270.084,255.686,90
270.932,253.874,90
271.78,252.063,90
272.627,250.251,90
273.455,248.431,90
274.272,246.605,90
275.089,244.78,90
275.906,242.954,90
276.719,241.127,90
277.516,239.292,90
278.312,237.458,90
279.109,235.623,90
279.905,233.789,90
280.702,231.954,90
281.405,230.084,90
282.035,228.186,90
282.664,226.287,90
283.294,224.389,90
283.924,222.491,90
284.514,220.582,90
284.972,218.635,90
285.43,216.688,90
285.888,214.741,90
286.346,212.794,90
286.804,210.847,90
287.262,208.9,90
287.619,206.933,90
287.972,204.964,90
288.325,202.995,90
288.678,201.027,90
289.031,199.058,90
289.379,197.089,90
289.617,195.103,90
289.854,193.117,90
290.092,191.131,90
290.329,189.146,90
290.567,187.16,90
290.612,185.161,90
290.648,183.161,90
290.683,181.161,90
290.645,179.163,90
290.552,177.165,90
290.459,175.167,90
290.365,173.169,90
290.272,171.171,90
290.179,169.173,90
290.086,167.176,90
289.993,165.178,90
332.972,406.021,80
331.096,405.327,80
329.192,404.714,80
327.289,404.101,80
325.385,403.488,80
323.432,403.092,80
321.45,402.823,80
319.468,402.554,80
317.474,402.408,80
315.478,402.283,80
313.482,402.159,80
311.516,402.476,80
309.556,402.873,80
307.717,403.62,80
305.933,404.523,80
304.212,405.509,80
302.885,407.005,80
301.985,408.739,80
301.411,410.655,80
301.197,412.639,80
301.399,414.608,80
301.823,416.563,80
302.897,418.248,80
303.99,419.922,80
305.161,421.543,80
306.378,423.128,80
307.691,424.637,80
309.023,426.127,80
310.493,427.484,80
311.962,428.84,80
313.432,430.197,80
315.022,431.406,80
316.647,432.571,80
318.273,433.736,80
319.899,434.901,80
321.521,436.071,80
323.142,437.242,80
324.763,438.413,80
326.384,439.585,80
328.032,440.717,80
329.704,441.815,80
331.376,442.912,80
333.048,444.009,80
334.741,445.072,80
336.501,446.022,80
338.261,446.973,80
340.02,447.923,80
341.78,448.873,80
343.54,449.823,80
345.4,450.555,80
347.267,451.273,80
349.176,451.864,80
351.135,452.222,80
353.129,452.309,80
355.12,452.157,80
357.091,451.817,80
359.008,451.321,80
360.791,450.415,80
362.509,449.396,80
364.193,448.316,80
365.594,446.892,80
366.717,445.261,80
367.49,443.446,80
367.615,441.45,80
367.665,439.452,80
367.631,437.452,80
367.059,435.544,80
366.287,433.71,80
365.281,431.981,80
364.249,430.272,80
362.929,428.769,80
361.609,427.267,80
360.29,425.764,80
358.887,424.342,80
357.428,422.973,80
355.969,421.605,80
354.51,420.237,80
352.99,418.94,80
351.433,417.684,80
349.877,416.428,80
348.33,415.159,80
346.785,413.891,80
345.23,412.634,80
343.492,411.645,80
341.753,410.656,80
340.015,409.667,80
338.277,408.678,80
336.538,407.689,80
353.125,492.333,90
351.384,491.349,90
349.658,490.338,90
347.932,489.328,90
346.17,488.385,90
344.372,487.509,90
342.574,486.633,90
340.776,485.757,90
338.88,485.123,90
336.98,484.499,90
335.049,483.988,90
333.094,483.565,90
331.132,483.579,90
329.163,483.932,90
327.282,484.542,90
325.589,485.575,90
324.187,487.001,90
323.177,488.717,90
322.52,490.581,90
322.211,492.553,90
322.185,494.552,90
322.347,496.545,90
322.536,498.536,90
322.834,500.513,90
323.226,502.47,90
323.796,504.387,90
324.367,506.304,90
325.3,508.073,90
326.233,509.842,90
327.197,511.593,90
328.219,513.313,90
329.244,515.03,90
330.462,516.616,90
331.679,518.203,90
332.917,519.773,90
334.207,521.302,90
335.496,522.831,90
336.853,524.301,90
338.21,525.77,90
339.574,527.232,90
341.086,528.541,90
342.598,529.85,90
344.11,531.159,90
345.701,532.368,90
347.328,533.53,90
348.956,534.692,90
350.594,535.839,90
352.244,536.97,90
353.894,538.1,90
355.544,539.231,90
357.228,540.309,90
358.917,541.38,90
360.606,542.452,90
362.301,543.512,90
364.018,544.539,90
365.734,545.566,90
367.457,546.581,90
369.195,547.571,90
370.932,548.562,90
372.669,549.553,90
374.471,550.418,90
376.292,551.246,90
378.112,552.075,90
379.932,552.903,90
381.752,553.732,90
383.675,554.277,90
385.604,554.805,90
387.533,555.334,90
389.495,555.716,90
391.465,556.062,90
393.44,556.36,90
395.438,556.434,90
397.437,556.508,90
399.432,556.446,90
401.424,556.269,90
403.416,556.092,90
405.349,555.609,90
407.254,555.002,90
409.103,554.269,90
410.687,553.084,90
411.877,551.488,90
412.743,549.686,90
413.364,547.788,90
413.539,545.848,90
413.192,543.879,90
412.791,541.919,90
412.295,539.992,90
411.421,538.193,90
410.547,536.394,90
409.328,534.859,90
407.821,533.545,90
406.313,532.231,90
404.805,530.917,90
403.279,529.624,90
401.745,528.34,90
400.212,527.057,90
398.678,525.773,90
397.144,524.489,90
395.611,523.206,90
394.075,521.925,90
392.498,520.695,90
390.921,519.464,90
389.344,518.234,90
387.767,517.004,90
386.191,515.773,90
384.604,514.555,90
383.016,513.34,90
381.427,512.126,90
379.838,510.911,90
378.249,509.696,90
376.655,508.488,90
375.013,507.347,90
373.371,506.205,90
371.729,505.064,90
370.086,503.922,90
368.444,502.781,90
366.802,501.639,90
365.16,500.498,90
363.517,499.356,90
361.867,498.227,90
360.214,497.101,90
358.56,495.976,90
356.907,494.851,90
355.253,493.725,90
839.488,594.313,100
837.526,593.927,100
835.563,593.541,100
833.601,593.156,100
831.637,592.777,100
829.671,592.409,100
827.705,592.042,100
825.739,591.674,100
823.774,591.306,100
821.808,590.939,100
819.842,590.571,100
817.876,590.204,100
815.91,589.836,100
813.944,589.468,100
811.978,589.101,100
810.012,588.733,100
808.046,588.366,100
806.08,587.998,100
804.114,587.63,100
802.148,587.263,100
800.182,586.895,100
798.216,586.528,100
796.251,586.16,100
794.285,585.793,100
792.319,585.426,100
790.353,585.058,100
788.387,584.691,100
786.421,584.324,100
784.455,583.957,100
782.49,583.58,100
780.527,583.2,100
778.563,582.82,100
776.6,582.44,100
774.636,582.059,100
772.663,581.731,100
770.69,581.404,100
768.717,581.077,100
766.744,580.751,100
764.771,580.424,100
762.803,580.071,100
760.849,579.644,100
758.895,579.217,100
756.941,578.79,100
754.987,578.363,100
753.025,577.978,100
751.054,577.642,100
749.082,577.306,100
747.11,576.97,100
745.149,576.583,100
743.192,576.167,100
741.236,575.75,100
739.28,575.334,100
737.326,574.907,100
735.393,574.394,100
733.46,573.882,100
731.527,573.369,100
729.594,572.857,100
727.66,572.344,100
725.727,571.832,100
723.793,571.324,100
721.858,570.815,100
719.924,570.307,100
717.99,569.798,100
716.056,569.289,100
714.122,568.781,100
712.185,568.28,100
710.244,567.798,100
708.303,567.316,100
706.362,566.834,100
704.421,566.351,100
702.48,565.869,100
700.539,565.387,100
698.598,564.905,100
696.641,564.495,100
694.678,564.11,100
692.716,563.725,100
690.753,563.34,100
688.791,562.955,100
686.808,562.693,100
684.824,562.447,100
682.839,562.2,100
680.854,561.954,100
678.866,561.737,100
676.873,561.568,100
674.881,561.399,100
672.888,561.231,100
670.888,561.216,100
668.888,561.216,100
666.888,561.216,100
664.888,561.216,100
662.889,561.256,100
660.891,561.342,100
658.893,561.429,100
656.895,561.515,100
654.897,561.601,100
652.897,561.608,100
650.897,561.584,100
648.898,561.56,100
646.898,561.536,100
644.898,561.512,100
642.898,561.472,100
640.899,561.417,100
638.9,561.362,100
636.901,561.307,100
634.904,561.215,100
632.913,561.019,100
630.923,560.823,100
628.932,560.627,100
626.947,560.394,100
624.969,560.098,100
622.991,559.803,100
621.06,559.29,100
619.142,558.726,100
617.223,558.162,100
615.313,557.57,100
613.407,556.964,100
611.5,556.359,100
609.594,555.753,100
607.694,555.132,100
605.882,554.285,100
604.071,553.438,100
602.259,552.591,100
600.456,551.729,100
598.783,550.632,100
597.111,549.535,100
595.438,548.439,100
593.766,547.342,100
592.093,546.245,100
590.421,545.149,100
588.772,544.024,100
587.455,542.519,100
586.232,540.941,100
585.11,539.286,100
583.989,537.63,100
583.327,535.751,100
582.724,533.844,100
582.12,531.938,100
581.832,529.976,100
581.754,527.977,100
581.677,525.979,100
581.93,524.013,100
582.398,522.069,100
582.866,520.124,100
583.413,518.201,100
583.968,516.279,100
585.004,514.585,100
586.139,512.939,100
587.289,511.303,100
588.551,509.752,100
589.812,508.2,100
591.074,506.648,100
592.336,505.096,100
593.612,503.556,100
594.891,502.019,100
596.28,500.595,100
597.868,499.379,100
599.456,498.164,100
601.062,496.973,100
602.707,495.835,100
604.351,494.696,100
606.021,493.596,100
607.698,492.506,100
609.375,491.417,100
611.053,490.328,100
612.836,489.425,100
614.631,488.543,100
616.425,487.66,100
618.245,486.833,100
620.099,486.083,100
621.953,485.334,100
623.808,484.584,100
625.678,483.877,100
627.565,483.213,100
629.451,482.549,100
631.343,481.904,100
633.286,481.43,100
635.229,480.955,100
637.172,480.481,100
639.115,480.007,100
641.058,479.532,100
643.001,479.058,100
644.952,478.616,100
646.902,478.175,100
648.853,477.733,100
650.803,477.292,100
652.754,476.85,100
654.705,476.409,100
656.643,475.916,100
658.577,475.406,100
660.511,474.896,100
662.444,474.386,100
664.378,473.875,100
666.312,473.365,100
668.246,472.855,100
670.18,472.345,100
672.121,471.864,100
674.063,471.386,100
676.005,470.907,100
677.947,470.429,100
679.889,469.951,100
681.831,469.472,100
683.773,468.994,100
685.71,468.496,100
687.641,467.975,100
689.572,467.454,100
691.503,466.933,100
693.434,466.412,100
695.365,465.892,100
697.31,465.427,100
699.259,464.98,100
701.208,464.532,100
703.157,464.084,100
705.107,463.636,100
707.056,463.189,100
709.005,462.741,100
710.956,462.302,100
712.908,461.866,100
714.86,461.431,100
716.812,460.996,100
718.765,460.56,100
720.717,460.125,100
722.669,459.69,100
724.621,459.254,100
726.547,458.721,100
728.458,458.131,100
730.369,457.542,100
732.28,456.952,100
734.191,456.362,100
736.102,455.773,100
738.013,455.183,100
739.924,454.594,100
741.807,453.919,100
743.684,453.23,100
745.562,452.541,100
747.44,451.852,100
749.325,451.185,100
751.212,450.523,100
753.1,449.861,100
754.921,449.045,100
756.698,448.128,100
758.475,447.212,100
760.253,446.295,100
762.096,445.52,100
763.943,444.751,100
765.789,443.982,100
767.636,443.214,100
769.482,442.445,100
771.243,441.5,100
772.991,440.528,100
774.738,439.555,100
776.46,438.538,100
778.181,437.519,100
779.902,436.499,100
781.583,435.416,100
783.255,434.32,100
784.928,433.223,100
786.6,432.126,100
788.234,430.973,100
789.866,429.816,100
791.491,428.651,100
793.104,427.468,100
794.717,426.286,100
796.33,425.103,100
797.877,423.839,100
799.376,422.514,100
800.874,421.19,100
802.396,419.892,100
803.933,418.613,100
805.471,417.334,100
806.958,416,100
808.373,414.586,100
809.787,413.172,100
811.115,411.679,100
812.408,410.153,100
813.701,408.627,100
814.994,407.101,100
816.252,405.547,100
817.475,403.965,100
818.674,402.365,100
819.737,400.671,100
820.799,398.977,100
821.918,397.319,100
823.04,395.663,100
824.061,393.946,100
824.998,392.18,100
825.95,390.421,100
826.913,388.668,100
827.876,386.915,100
828.838,385.162,100
829.798,383.407,100
830.755,381.651,100
831.713,379.895,100
832.588,378.097,100
833.455,376.295,100
834.252,374.462,100
835.009,372.61,100
835.765,370.759,100
836.38,368.858,100
836.935,366.937,100
837.475,365.011,100
838.011,363.084,100
838.547,361.157,100
839.052,359.223,100
839.491,357.271,100
839.93,355.32,100
840.362,353.368,100
840.755,351.406,100
841.15,349.446,100
841.547,347.486,100
841.857,345.513,100
842.035,343.521,100
842.212,341.529,100
842.322,339.532,100
842.381,337.533,100
842.44,335.534,100
842.119,333.564,100
841.757,331.597,100
841.323,329.646,100
840.816,327.712,100
840.308,325.777,100
839.723,323.868,100
839.008,322,100
838.247,320.154,100
837.247,318.422,100
836.247,316.69,100
835.163,315.009,100
834.073,313.332,100
832.887,311.728,100
831.564,310.229,100
830.24,308.73,100
828.857,307.288,100
827.392,305.926,100
825.881,304.619,100
824.3,303.394,100
822.72,302.169,100
821.113,300.983,100
819.339,300.06,100
817.565,299.138,100
815.786,298.223,100
813.992,297.339,100
812.197,296.457,100
810.339,295.716,100
808.481,294.976,100
806.593,294.32,100
804.688,293.712,100
802.78,293.114,100
800.801,292.825,100
798.822,292.536,100
796.843,292.248,100
794.859,292.019,100
792.86,291.949,100
790.861,291.88,100
788.862,291.81,100
786.863,291.741,100
784.865,291.712,100
782.869,291.828,100
780.872,291.945,100
778.875,292.063,100
776.879,292.188,100
774.883,292.313,100
772.902,292.555,100
770.938,292.933,100
768.974,293.31,100
767.01,293.687,100
765.078,294.187,100
763.186,294.836,100
761.295,295.485,100
759.403,296.133,100
757.502,296.755,100
755.587,297.331,100
753.671,297.906,100
751.756,298.482,100
749.898,299.213,100
748.068,300.019,100
746.237,300.825,100
744.403,301.622,100
742.559,302.397,100
740.716,303.172,100
738.872,303.947,100
737.028,304.723,100
735.208,305.55,100
733.409,306.422,100
731.609,307.294,100
729.809,308.167,100
728.009,309.039,100
726.209,309.911,100
724.425,310.815,100
722.641,311.719,100
720.857,312.624,100
719.074,313.528,100
717.29,314.433,100
715.506,315.337,100
713.71,316.216,100
711.904,317.077,100
710.099,317.937,100
708.294,318.798,100
706.488,319.659,100
704.683,320.519,100
702.878,321.38,100
701.072,322.241,100
699.267,323.101,100
697.442,323.92,100
695.617,324.738,100
693.792,325.557,100
691.968,326.375,100
690.143,327.194,100
688.318,328.012,100
686.493,328.83,100
684.656,329.621,100
682.793,330.349,100
680.931,331.077,100
679.068,331.805,100
677.205,332.533,100
675.342,333.261,100
673.48,333.989,100
671.617,334.718,100
669.752,335.44,100
667.877,336.137,100
666.003,336.834,100
664.128,337.531,100
662.253,338.228,100
660.379,338.924,100
658.504,339.621,100
656.629,340.318,100
654.755,341.015,100
652.857,341.643,100
650.941,342.216,100
649.025,342.789,100
647.108,343.361,100
645.192,343.934,100
643.276,344.507,100
641.36,345.08,100
639.461,345.709,100
637.563,346.339,100
635.665,346.969,100
633.767,347.599,100
631.869,348.229,100
629.97,348.859,100
628.072,349.489,100
626.174,350.119,100
624.28,350.763,100
622.388,351.41,100
620.496,352.057,100
618.603,352.705,100
616.711,353.352,100
614.819,353.999,100
612.92,354.627,100
611.006,355.206,100
609.091,355.785,100
607.177,356.364,100
605.262,356.942,100
603.348,357.521,100
601.434,358.1,100
599.519,358.679,100
597.605,359.258,100
595.707,359.89,100
593.815,360.537,100
591.923,361.185,100
590.031,361.832,100
588.138,362.48,100
586.246,363.127,100
584.354,363.775,100
582.454,364.399,100
580.535,364.963,100
578.616,365.527,100
576.698,366.091,100
574.779,366.656,100
572.86,367.22,100
570.941,367.784,100
569.023,368.348,100
567.104,368.913,100
565.185,369.477,100
563.264,370.031,100
561.316,370.484,100
559.368,370.937,100
557.42,371.39,100
555.472,371.843,100
553.524,372.296,100
551.575,372.748,100
549.629,373.207,100
547.689,373.694,100
545.75,374.182,100
543.81,374.67,100
541.87,375.158,100
539.931,375.646,100
537.991,376.134,100
536.052,376.622,100
534.112,377.11,100
532.173,377.598,100
530.233,378.086,100
528.281,378.523,100
526.329,378.959,100
524.377,379.394,100
522.425,379.83,100
520.473,380.265,100
518.521,380.701,100
516.544,380.995,100
514.563,381.269,100
512.582,381.544,100
510.601,381.818,100
508.62,382.093,100
506.639,382.367,100
504.657,382.642,100
502.676,382.916,100
500.695,383.191,100
498.704,383.374,100
496.711,383.535,100
494.717,383.697,100
492.724,383.859,100
490.73,384.021,100
488.737,384.182,100
486.742,384.311,100
484.743,384.374,100
482.744,384.438,100
480.745,384.502,100
478.746,384.565,100
476.747,384.629,100
474.748,384.692,100
472.749,384.756,100
470.75,384.757,100
468.75,384.701,100
466.751,384.646,100
464.752,384.59,100
462.753,384.535,100
460.753,384.479,100
458.757,384.374,100
456.766,384.188,100
454.774,384.002,100
452.783,383.817,100
450.792,383.631,100
448.803,383.419,100
446.821,383.157,100
444.838,382.894,100
442.855,382.632,100
440.88,382.333,100
438.953,381.799,100
437.025,381.265,100
435.098,380.731,100
433.175,380.183,100
431.266,379.584,100
429.358,378.986,100
427.45,378.387,100
425.541,377.788,100
423.633,377.19,100
421.725,376.591,100
419.816,375.993,100
417.908,375.394,100
416.007,374.773,100
414.109,374.143,100
412.21,373.514,100
410.312,372.884,100
408.414,372.254,100
406.516,371.624,100
404.618,370.994,100
402.719,370.364,100
400.843,369.673,100
398.971,368.968,100
397.099,368.264,100
395.227,367.559,100
393.355,366.855,100
391.484,366.15,100
389.612,365.446,100
387.754,364.705,100
385.896,363.965,100
384.038,363.225,100
382.18,362.485,100
380.322,361.744,100
378.464,361.004,100
376.606,360.264,100
374.748,359.524,100
372.89,358.783,100
371.034,358.038,100
369.179,357.292,100
367.323,356.546,100
365.467,355.8,100
363.612,355.054,100
361.756,354.307,100
359.901,353.561,100
358.062,352.774,100
356.227,351.979,100
354.392,351.184,100
352.556,350.389,100
350.721,349.595,100
348.886,348.8,100
347.051,348.005,100
345.215,347.21,100
343.38,346.415,100
341.576,345.553,100
339.778,344.676,100
337.981,343.799,100
336.184,342.921,100
334.387,342.044,100
332.589,341.167,100
330.792,340.289,100
328.995,339.412,100
327.197,338.535,100
325.4,337.657,100
323.603,336.78,100
321.805,335.903,100
320.008,335.025,100
318.211,334.148,100
316.442,333.214,100
314.676,332.275,100
312.91,331.337,100
311.144,330.398,100
309.394,329.432,100
307.685,328.392,100
305.977,327.352,100
304.269,326.312,100
302.56,325.272,100
300.89,324.176,100
299.306,322.956,100
297.722,321.735,100
296.309,320.328,100
294.97,318.843,100
293.852,317.191,100
292.792,315.495,100
291.887,313.729,100
291.31,311.814,100
290.734,309.899,100
290.229,307.968,100
289.971,305.985,100
289.832,303.994,100
289.832,301.994,100
290.049,300.009,100
290.65,298.128,100
291.582,296.36,100
292.628,294.655,100
293.822,293.06,100
295.145,291.56,100
296.609,290.211,100
298.191,288.988,100
299.774,287.764,100
301.356,286.541,100
302.938,285.318,100
304.506,284.077,100
306.07,282.83,100
307.634,281.583,100
309.197,280.336,100
310.761,279.089,100
312.272,277.779,100
313.779,276.464,100
315.287,275.15,100
316.794,273.835,100
318.301,272.521,100
319.89,271.308,100
321.508,270.132,100
323.126,268.956,100
324.743,267.781,100
326.361,266.605,100
327.979,265.429,100
329.597,264.253,100
331.24,263.114,100
332.912,262.017,100
334.584,260.919,100
336.256,259.821,100
337.928,258.724,100
339.6,257.626,100
341.258,256.508,100
342.908,255.378,100
344.558,254.247,100
346.208,253.117,100
347.858,251.987,100
349.444,250.774,100
350.95,249.458,100
352.455,248.141,100
353.961,246.825,100
355.366,245.418,100
356.508,243.777,100
357.651,242.135,100
358.794,240.494,100
359.871,238.813,100
360.784,237.033,100
361.697,235.254,100
362.609,233.474,100
363.522,231.695,100
363.974,229.758,100
364.335,227.791,100
364.696,225.824,100
365.057,223.857,100
365.419,221.89,100
365.78,219.923,100
366.082,217.947,100
366.33,215.962,100
366.579,213.978,100
366.827,211.993,100
367.075,210.009,100
367.323,208.024,100
367.55,206.037,100
367.694,204.043,100
367.839,202.048,100
367.983,200.053,100
368.127,198.058,100
368.272,196.063,100
368.367,194.067,100
368.337,192.067,100
368.307,190.068,100
368.278,188.068,100
368.248,186.068,100
368.171,184.07,100
368.04,182.075,100
367.909,180.079,100
367.778,178.083,100
367.647,176.087,100
367.515,174.092,100
367.384,172.096,100
367.253,170.1,100
367.122,168.105,100
366.982,166.11,100
366.839,164.115,100
366.697,162.12,100
366.555,160.125,100
366.412,158.13,100
366.27,156.135,100
366.128,154.14,100
365.985,152.145,100
365.843,150.15,100
365.701,148.155,100
365.558,146.16,100
365.416,144.165,100
365.274,142.17,100
365.056,140.183,100
364.816,138.197,100
364.576,136.212,100
364.336,134.226,100
364.096,132.241,100
363.856,130.255,100
363.616,128.27,100
363.375,126.284,100
363.117,124.301,100
362.766,122.332,100
362.415,120.363,100
362.064,118.394,100
361.713,116.425,100
361.363,114.456,100
361.012,112.487,100
360.661,110.518,100
360.31,108.549,100
359.959,106.58,100
359.608,104.611,100
359.257,102.642,100
358.906,100.674,100
358.555,98.705,100
358.204,96.736,100
357.853,94.767,100
357.509,92.796,100
357.167,90.826,100
356.825,88.855,100
356.469,86.887,100
356.095,84.923,100
355.72,82.958,100
355.345,80.994,100
354.97,79.029,100
354.595,77.065,100
700.169,691.887,100
698.627,690.613,100
697.084,689.34,100
695.542,688.067,100
694.125,686.66,100
692.753,685.205,100
691.38,683.75,100
690.005,682.299,100
688.622,680.854,100
687.239,679.409,100
685.856,677.964,100
684.473,676.519,100
683.141,675.028,100
681.821,673.525,100
680.502,672.022,100
679.182,670.519,100
677.863,669.016,100
676.543,667.513,100
675.224,666.01,100
673.946,664.471,100
672.671,662.931,100
671.396,661.39,100
670.12,659.849,100
668.845,658.309,100
667.721,656.655,100
666.604,654.996,100
665.488,653.336,100
664.371,651.677,100
663.255,650.018,100
662.139,648.358,100
661.028,646.695,100
659.953,645.008,100
658.879,643.322,100
657.804,641.635,100
656.73,639.948,100
655.655,638.261,100
654.563,636.586,100
653.438,634.933,100
652.312,633.279,100
651.186,631.626,100
650.032,629.994,100
648.83,628.395,100
647.628,626.797,100
646.426,625.198,100
645.215,623.607,100
643.921,622.082,100
642.627,620.557,100
641.333,619.032,100
639.89,617.658,100
638.348,616.384,100
636.806,615.111,100
635.268,613.832,100
633.741,612.541,100
632.213,611.25,100
630.686,609.959,100
629.092,608.753,100
627.46,607.597,100
625.828,606.44,100
624.195,605.286,100
622.543,604.159,100
620.89,603.033,100
619.238,601.906,100
617.585,600.78,100
615.932,599.653,100
614.235,598.596,100
612.527,597.556,100
610.818,596.517,100
609.11,595.477,100
607.401,594.437,100
605.693,593.398,100
603.982,592.361,100
602.268,591.331,100
600.553,590.301,100
598.839,589.271,100
597.124,588.241,100
595.41,587.211,100
593.696,586.181,100
591.931,585.241,100
590.161,584.309,100
588.391,583.378,100
586.622,582.446,100
584.852,581.514,100
583.055,580.636,100
581.246,579.784,100
579.437,578.932,100
577.627,578.079,100
575.818,577.227,100
574.014,576.365,100
572.215,575.49,100
570.416,574.616,100
568.617,573.742,100
566.819,572.867,100
565.02,571.993,100
563.179,571.213,100
561.332,570.445,100
559.485,569.677,100
557.639,568.908,100
555.792,568.14,100
553.946,567.372,100
552.099,566.604,100
550.252,565.836,100
548.406,565.068,100
546.552,564.32,100
544.647,563.711,100
542.741,563.103,100
540.836,562.494,100
538.931,561.886,100
537.026,561.278,100
535.121,560.668,100
533.219,560.048,100
531.318,559.428,100
529.417,558.808,100
527.515,558.187,100
525.614,557.568,100
523.694,557.005,100
521.775,556.443,100
519.856,555.881,100
517.936,555.318,100
516.017,554.756,100
514.071,554.299,100
512.116,553.877,100
510.161,553.455,100
508.195,553.097,100
506.211,552.846,100
504.227,552.595,100
502.243,552.344,100
500.258,552.093,100
498.266,551.972,100
496.266,551.972,100
494.267,551.998,100
492.275,552.171,100
490.292,552.399,100
488.36,552.915,100
486.444,553.477,100
484.609,554.275,100
482.839,555.194,100
481.134,556.24,100
479.737,557.665,100
478.424,559.169,100
477.232,560.775,100
476.35,562.568,100
475.533,564.389,100
475.04,566.327,100
474.706,568.294,100
474.518,570.283,100
474.794,572.264,100
475.072,574.244,100
475.353,576.224,100
475.829,578.161,100
476.424,580.07,100
477.028,581.977,100
477.713,583.851,100
478.575,585.656,100
479.603,587.367,100
480.71,589.033,100
481.82,590.697,100
482.936,592.356,100
484.068,594.005,100
485.201,595.653,100
486.332,597.302,100
487.457,598.956,100
488.583,600.609,100
489.708,602.262,100
490.869,603.89,100
492.054,605.502,100
493.238,607.114,100
494.372,608.761,100
495.473,610.43,100
496.587,612.09,100
497.843,613.647,100
499.098,615.204,100
500.305,616.797,100
501.457,618.432,100
502.61,620.067,100
503.762,621.701,100
504.941,623.316,100
506.181,624.885,100
507.421,626.455,100
508.655,628.028,100
509.885,629.605,100
511.122,631.177,100
512.473,632.652,100
513.824,634.126,100
515.173,635.603,100
516.519,637.082,100
517.87,638.556,100
519.321,639.933,100
520.771,641.31,100
522.213,642.696,100
523.644,644.094,100
525.115,645.446,100
526.668,646.706,100
528.22,647.967,100
529.75,649.255,100
531.266,650.559,100
532.782,651.864,100
534.344,653.109,100
535.985,654.253,100
537.626,655.397,100
539.276,656.525,100
540.996,657.546,100
542.716,658.567,100
544.436,659.587,100
546.155,660.608,100
547.917,661.554,100
549.704,662.452,100
551.49,663.35,100
553.277,664.249,100
555.064,665.147,100
556.851,666.045,100
558.638,666.944,100
560.425,667.842,100
562.238,668.687,100
564.055,669.52,100
565.873,670.354,100
567.691,671.188,100
569.509,672.022,100
571.359,672.781,100
573.223,673.504,100
575.088,674.227,100
576.953,674.951,100
578.817,675.674,100
580.682,676.397,100
582.548,677.116,100
584.433,677.784,100
586.319,678.452,100
588.204,679.12,100
590.089,679.788,100
591.974,680.456,100
593.87,681.091,100
595.786,681.663,100
597.703,682.235,100
599.619,682.807,100
601.536,683.379,100
603.452,683.951,100
605.378,684.491,100
607.31,685.008,100
609.242,685.525,100
611.174,686.042,100
613.106,686.559,100
615.038,687.076,100
616.972,687.586,100
618.909,688.081,100
620.847,688.577,100
622.785,689.072,100
624.722,689.567,100
626.66,690.062,100
628.598,690.557,100
630.536,691.051,100
632.474,691.546,100
634.412,692.04,100
636.35,692.534,100
638.282,693.05,100
640.211,693.578,100
642.14,694.107,100
644.069,694.635,100
645.998,695.164,100
647.951,695.589,100
649.915,695.965,100
651.879,696.341,100
533.688,574.243,110
531.762,573.707,110
529.819,573.233,110
527.876,572.759,110
525.937,572.267,110
524.002,571.76,110
522.068,571.254,110
520.133,570.747,110
518.198,570.24,110
516.263,569.733,110
514.312,569.307,110
512.334,569.016,110
510.355,568.726,110
508.376,568.436,110
506.397,568.146,110
504.418,567.856,110
502.439,567.566,110
500.464,567.255,110
498.488,566.944,110
496.512,566.634,110
494.534,566.821,110
492.555,567.112,110
490.719,567.875,110
488.98,568.821,110
487.653,570.318,110
486.669,572.046,110
485.883,573.868,110
485.6,575.848,110
485.425,577.84,110
485.984,579.746,110
486.656,581.628,110
487.537,583.423,110
488.418,585.219,110
489.299,587.014,110
490.258,588.769,110
491.228,590.518,110
492.215,592.257,110
493.307,593.933,110
494.399,595.608,110
495.491,597.284,110
496.629,598.925,110
497.897,600.472,110
499.164,602.019,110
500.402,603.589,110
501.581,605.205,110
502.759,606.821,110
503.959,608.42,110
505.275,609.926,110
506.591,611.432,110
507.905,612.939,110
509.202,614.462,110
510.499,615.984,110
511.819,617.487,110
513.158,618.973,110
514.497,620.458,110
515.837,621.943,110
517.331,623.272,110
518.828,624.599,110
520.324,625.925,110
521.811,627.263,110
523.298,628.601,110
524.784,629.939,110
526.27,631.277,110
527.891,632.449,110
529.513,633.619,110
531.135,634.789,110
532.757,635.96,110
534.457,637.011,110
536.168,638.048,110
537.879,639.084,110
539.589,640.12,110
541.315,641.131,110
543.051,642.123,110
544.787,643.116,110
546.524,644.109,110
548.304,645.018,110
550.11,645.876,110
551.916,646.735,110
553.723,647.594,110
555.567,648.365,110
557.426,649.101,110
559.286,649.837,110
561.171,650.499,110
563.092,651.056,110
565.013,651.614,110
566.933,652.171,110
568.879,652.628,110
570.837,653.038,110
572.794,653.449,110
574.752,653.859,110
576.71,654.266,110
578.683,654.589,110
580.657,654.911,110
582.631,655.234,110
584.621,655.434,110
586.611,655.633,110
588.601,655.832,110
590.596,655.972,110
592.592,656.097,110
594.59,656.13,110
596.588,656.06,110
598.587,655.99,110
600.577,655.794,110
602.567,655.595,110
604.42,654.854,110
606.266,654.084,110
608.113,653.318,110
609.902,652.434,110
611.624,651.417,110
613.313,650.36,110
614.622,648.848,110
615.93,647.335,110
616.946,645.62,110
617.898,643.861,110
618.838,642.097,110
619.355,640.165,110
619.871,638.233,110
620.355,636.295,110
620.582,634.308,110
620.779,632.32,110
620.623,630.326,110
620.466,628.332,110
620.265,626.346,110
619.736,624.418,110
619.207,622.489,110
618.358,620.68,110
617.486,618.881,110
616.502,617.142,110
615.464,615.432,110
614.254,613.848,110
612.935,612.345,110
611.599,610.859,110
610.127,609.504,110
608.656,608.15,110
607.16,606.824,110
605.57,605.611,110
603.979,604.399,110
602.389,603.186,110
600.752,602.038,110
599.093,600.921,110
597.434,599.804,110
595.741,598.742,110
593.99,597.777,110
592.238,596.812,110
590.486,595.847,110
588.713,594.922,110
586.93,594.017,110
585.147,593.111,110
583.363,592.205,110
581.58,591.3,110
579.796,590.397,110
577.953,589.618,110
576.111,588.84,110
574.269,588.061,110
572.427,587.282,110
570.585,586.503,110
568.743,585.724,110
566.9,584.946,110
565.048,584.191,110
563.196,583.436,110
561.345,582.68,110
559.493,581.925,110
557.624,581.212,110
555.747,580.522,110
553.871,579.831,110
551.978,579.188,110
550.053,578.646,110
548.127,578.105,110
546.202,577.564,110
544.275,577.03,110
542.34,576.524,110
540.405,576.018,110
538.47,575.512,110
536.535,575.006,110
537.046,586.549,120
535.082,586.17,120
533.13,585.736,120
531.178,585.299,120
529.226,584.862,120
527.246,584.725,120
525.247,584.787,120
523.248,584.848,120
521.249,584.91,120
519.303,585.362,120
517.361,585.838,120
515.418,586.313,120
513.623,587.193,120
511.829,588.077,120
510.404,589.411,120
509.191,591,120
508.214,592.728,120
507.432,594.569,120
506.82,596.455,120
506.572,598.44,120
506.373,600.419,120
507.042,602.304,120
507.711,604.189,120
508.438,606.052,120
509.258,607.858,120
510.682,609.262,120
512.106,610.666,120
513.543,612.055,120
515.09,613.323,120
516.637,614.591,120
518.19,615.851,120
519.761,617.089,120
521.332,618.327,120
522.904,619.564,120
524.507,620.759,120
526.11,621.955,120
527.713,623.15,120
529.317,624.346,120
530.92,625.542,120
532.523,626.737,120
534.186,627.846,120
535.876,628.915,120
537.566,629.985,120
539.257,631.054,120
540.947,632.124,120
542.637,633.193,120
544.327,634.262,120
546.017,635.332,120
547.707,636.401,120
549.417,637.437,120
551.155,638.427,120
552.892,639.418,120
554.63,640.408,120
556.371,641.392,120
558.167,642.272,120
559.963,643.152,120
561.759,644.032,120
563.64,644.704,120
565.536,645.343,120
567.455,645.893,120
569.412,646.304,120
571.378,646.641,120
573.378,646.698,120
575.37,646.666,120
577.337,646.306,120
579.293,645.901,120
581.198,645.29,120
583.102,644.679,120
584.916,643.845,120
586.629,642.832,120
588.195,641.588,120
589.639,640.205,120
590.999,638.74,120
592.18,637.167,120
592.604,635.213,120
592.847,633.239,120
592.847,631.239,120
592.769,629.242,120
592.624,627.247,120
592.479,625.252,120
592.31,623.264,120
591.458,621.454,120
590.606,619.645,120
589.754,617.835,120
588.802,616.084,120
587.651,614.448,120
586.5,612.813,120
585.17,611.335,120
583.693,609.987,120
582.216,608.638,120
580.739,607.289,120
579.252,605.954,120
577.578,604.858,120
575.905,603.763,120
574.232,602.668,120
572.554,601.579,120
570.825,600.575,120
569.096,599.57,120
567.366,598.565,120
565.637,597.56,120
563.889,596.589,120
562.11,595.675,120
560.331,594.762,120
558.547,593.858,120
556.732,593.019,120
554.916,592.18,120
553.019,591.558,120
551.101,590.99,120
549.183,590.423,120
547.271,589.837,120
545.363,589.239,120
543.457,588.633,120
541.564,587.985,120
539.672,587.338,120
529.401,600.193,130
527.445,599.783,130
525.475,599.739,130
523.495,600.025,130
521.546,600.414,130
519.744,601.273,130
518.367,602.678,130
517.455,604.457,130
517.218,606.442,130
517.45,608.414,130
518.081,610.275,130
519.224,611.911,130
520.53,613.426,130
522.085,614.683,130
523.644,615.935,130
525.305,617.045,130
526.99,618.123,130
528.696,619.165,130
530.443,620.139,130
532.19,621.113,130
533.947,622.068,130
535.725,622.984,130
537.502,623.901,130
539.321,624.721,130
541.225,625.331,130
543.175,625.671,130
545.169,625.512,130
547.094,624.992,130
548.778,623.943,130
550.218,622.574,130
550.984,620.776,130
551.288,618.828,130
551.059,616.841,130
550.55,614.912,130
549.95,613.008,130
548.895,611.309,130
547.756,609.683,130
546.219,608.403,130
544.68,607.126,130
542.901,606.213,130
541.121,605.3,130
539.351,604.37,130
537.584,603.433,130
535.8,602.534,130
533.923,601.843,130
532.047,601.151,130
851.605,563.263,110
849.632,562.935,110
847.659,562.607,110
845.686,562.28,110
843.713,561.952,110
841.74,561.624,110
839.767,561.296,110
837.794,560.969,110
835.821,560.641,110
833.848,560.313,110
831.875,559.985,110
829.912,559.608,110
827.957,559.183,110
826.003,558.758,110
824.049,558.333,110
822.094,557.908,110
820.14,557.483,110
818.186,557.058,110
816.231,556.634,110
814.273,556.226,110
812.315,555.818,110
810.357,555.41,110
808.399,555.002,110
806.441,554.594,110
804.532,554.001,110
802.626,553.396,110
800.719,552.792,110
798.813,552.188,110
796.957,551.444,110
795.111,550.674,110
793.265,549.904,110
791.42,549.132,110
789.605,548.293,110
787.79,547.454,110
785.974,546.614,110
784.159,545.775,110
782.348,544.927,110
780.536,544.079,110
778.725,543.231,110
776.914,542.383,110
775.102,541.535,110
773.309,540.652,110
771.543,539.712,110
769.778,538.772,110
768.013,537.832,110
766.247,536.892,110
764.592,535.777,110
762.975,534.6,110
761.358,533.423,110
759.741,532.246,110
758.124,531.069,110
756.507,529.892,110
754.89,528.714,110
753.278,527.531,110
751.749,526.241,110
750.221,524.951,110
748.692,523.662,110
747.316,522.213,110
745.965,520.739,110
745.217,518.884,110
744.496,517.022,110
744.177,515.048,110
743.996,513.075,110
744.38,511.113,110
744.852,509.176,110
745.626,507.332,110
746.584,505.595,110
747.806,504.012,110
749.18,502.595,110
750.86,501.509,110
752.54,500.423,110
754.219,499.337,110
755.941,498.322,110
757.681,497.336,110
759.422,496.35,110
761.244,495.536,110
763.103,494.799,110
764.963,494.062,110
766.829,493.345,110
768.728,492.717,110
770.627,492.089,110
772.526,491.461,110
774.432,490.862,110
776.387,490.44,110
778.342,490.017,110
780.297,489.594,110
782.252,489.173,110
784.221,488.822,110
786.19,488.471,110
788.159,488.119,110
790.128,487.768,110
792.098,487.425,110
794.071,487.095,110
796.043,486.764,110
798.015,486.433,110
799.983,486.074,110
801.939,485.66,110
803.896,485.246,110
805.846,484.809,110
807.728,484.133,110
809.611,483.457,110
811.493,482.781,110
813.341,482.022,110
815.162,481.194,110
816.982,480.365,110
818.803,479.537,110
820.536,478.54,110
822.259,477.525,110
823.982,476.51,110
825.705,475.495,110
827.406,474.442,110
829.096,473.374,110
830.787,472.306,110
832.478,471.237,110
834.169,470.169,110
835.787,468.996,110
837.381,467.788,110
838.976,466.581,110
840.487,465.272,110
841.985,463.947,110
843.484,462.622,110
844.982,461.298,110
846.48,459.973,110
847.948,458.617,110
849.324,457.165,110
850.7,455.714,110
852.076,454.262,110
853.452,452.811,110
854.828,451.36,110
856.204,449.908,110
857.562,448.441,110
858.846,446.907,110
860.129,445.373,110
861.413,443.839,110
862.707,442.314,110
864.015,440.802,110
865.324,439.29,110
866.633,437.778,110
867.942,436.265,110
869.251,434.753,110
870.56,433.241,110
871.869,431.729,110
873.142,430.187,110
874.345,428.59,110
875.548,426.992,110
876.751,425.394,110
877.954,423.796,110
879.157,422.199,110
880.36,420.601,110
881.554,418.997,110
882.685,417.347,110
883.816,415.698,110
884.947,414.048,110
886.078,412.399,110
887.209,410.749,110
799.553,178.805,100
799.405,176.811,100
799.256,174.816,100
799.107,172.822,100
798.959,170.828,100
798.81,168.833,100
798.661,166.839,100
798.513,164.844,100
798.421,162.849,100
798.489,160.85,100
798.558,158.851,100
798.626,156.852,100
798.745,154.858,100
799.041,152.88,100
799.337,150.902,100
799.634,148.924,100
799.93,146.946,100
800.226,144.968,100
800.616,143.011,100
801.176,141.091,100
801.736,139.171,100
802.297,137.251,100
802.857,135.331,100
803.418,133.411,100
803.978,131.491,100
804.585,129.586,100
805.239,127.696,100
805.91,125.812,100
806.605,123.937,100
807.301,122.062,100
807.996,120.187,100
808.692,118.312,100
809.388,116.437,100
810.183,114.603,100
811.013,112.783,100
811.844,110.964,100
812.675,109.145,100
813.506,107.325,100
814.381,105.528,100
815.291,103.747,100
816.201,101.966,100
817.111,100.185,100
818.021,98.404,100
818.998,96.659,100
819.998,94.927,100
820.999,93.195,100
821.999,91.464,100
823,89.732,100
404.236,67.203,110
404.689,69.151,110
405.142,71.099,110
405.595,73.047,110
406.048,74.995,110
406.501,76.943,110
406.955,78.891,110
407.32,80.857,110
407.67,82.826,110
408.021,84.795,110
408.372,86.764,110
408.722,88.733,110
409.073,90.702,110
409.423,92.671,110
409.774,94.64,110
410.1,96.613,110
410.393,98.591,110
410.687,100.57,110
410.981,102.548,110
411.274,104.526,110
411.568,106.505,110
411.859,108.483,110
412.142,110.463,110
412.425,112.443,110
412.708,114.423,110
412.991,116.403,110
413.274,118.383,110
413.557,120.363,110
413.84,122.343,110
414.123,124.322,110
414.406,126.302,110
414.696,128.281,110
415.026,130.254,110
415.356,132.226,110
415.686,134.199,110
416.016,136.171,110
416.346,138.144,110
416.676,140.117,110
417.004,142.089,110
417.254,144.074,110
417.504,146.058,110
417.754,148.042,110
418.005,150.027,110
418.255,152.011,110
418.505,153.995,110
418.691,155.986,110
418.864,157.979,110
419.038,159.971,110
419.211,161.964,110
419.385,163.956,110
419.558,165.949,110
419.751,167.939,110
419.944,169.93,110
420.138,171.921,110
420.331,173.911,110
420.471,175.906,110
420.572,177.903,110
420.674,179.901,110
420.775,181.898,110
420.847,183.896,110
420.829,185.896,110
420.812,187.896,110
420.795,189.896,110
420.778,191.896,110
420.698,193.894,110
420.606,195.892,110
420.514,197.89,110
420.422,199.888,110
420.33,201.886,110
420.238,203.884,110
420.076,205.876,110
419.873,207.866,110
419.64,209.852,110
419.368,211.833,110
419.096,213.815,110
418.824,215.796,110
418.527,217.773,110
418.093,219.725,110
417.656,221.677,110
417.192,223.622,110
416.728,225.568,110
416.264,227.513,110
415.633,229.411,110
414.987,231.303,110
414.341,233.196,110
413.695,235.089,110
413.049,236.982,110
412.293,238.833,110
411.513,240.674,110
410.733,242.516,110
409.817,244.291,110
408.85,246.042,110
407.831,247.758,110
406.574,249.313,110
405.317,250.869,110
403.969,252.343,110
402.569,253.772,110
401.17,255.201,110
399.771,256.63,110
398.371,258.059,110
396.838,259.327,110
395.181,260.448,110
393.525,261.569,110
391.869,262.69,110
390.213,263.811,110
388.556,264.932,110
386.9,266.053,110
385.185,267.079,110
383.442,268.061,110
381.7,269.043,110
379.957,270.024,110
378.103,270.767,110
376.232,271.472,110
374.36,272.177,110
372.489,272.883,110
370.595,273.524,110
368.698,274.159,110
366.801,274.794,110
364.905,275.429,110
363.008,276.064,110
361.112,276.699,110
359.211,277.321,110
357.301,277.915,110
355.392,278.51,110
353.482,279.105,110
351.573,279.7,110
349.663,280.295,110
347.754,280.889,110
345.844,281.484,110
343.935,282.079,110
342.024,282.67,110
340.112,283.257,110
338.2,283.844,110
336.288,284.43,110
334.376,285.017,110
332.501,285.713,110
330.627,286.41,110
328.752,287.108,110
327.132,288.267,110
325.539,289.476,110
323.946,290.686,110
322.649,292.183,110
321.484,293.809,110
320.319,295.434,110
319.552,297.275,110
318.834,299.141,110
318.116,301.008,110
317.853,302.984,110
317.643,304.973,110
317.528,306.964,110
317.634,308.962,110
317.772,310.951,110
318.619,312.763,110
319.474,314.571,110
320.335,316.376,110
321.326,318.097,110
322.62,319.622,110
323.915,321.146,110
325.335,322.548,110
326.827,323.88,110
328.319,325.212,110
329.843,326.506,110
331.394,327.769,110
332.945,329.032,110
334.496,330.295,110
336.052,331.551,110
337.688,332.701,110
339.324,333.851,110
340.96,335.001,110
342.597,336.151,110
344.288,337.216,110
346.012,338.229,110
347.737,339.242,110
349.461,340.255,110
351.185,341.269,110
352.941,342.224,110
354.726,343.127,110
356.511,344.029,110
358.296,344.931,110
360.081,345.833,110
361.866,346.736,110
363.67,347.597,110
365.485,348.438,110
367.3,349.279,110
369.114,350.12,110
370.929,350.96,110
372.744,351.801,110
374.613,352.508,110
376.502,353.164,110
378.392,353.819,110
380.281,354.475,110
382.17,355.131,110
384.066,355.767,110
385.978,356.355,110
387.889,356.943,110
389.801,357.531,110
391.713,358.119,110
393.624,358.707,110
395.536,359.295,110
397.454,359.861,110
399.376,360.416,110
401.297,360.97,110
403.219,361.524,110
405.141,362.078,110
407.062,362.633,110
409.002,363.119,110
410.943,363.601,110
412.885,364.082,110
414.826,364.563,110
416.767,365.044,110
418.708,365.525,110
420.65,366.006,110
422.614,366.371,110
424.592,366.668,110
426.57,366.964,110
428.548,367.261,110
430.526,367.557,110
432.503,367.854,110
434.488,368.096,110
436.481,368.263,110
438.474,368.431,110
440.467,368.599,110
442.46,368.767,110
444.458,368.848,110
446.456,368.927,110
448.455,369.007,110
450.453,369.083,110
452.453,369.136,110
454.452,369.189,110
456.452,369.198,110
458.452,369.183,110
460.451,369.168,110
462.451,369.153,110
464.444,369.017,110
466.43,368.785,110
468.417,368.553,110
470.403,368.321,110
472.39,368.089,110
474.369,367.811,110
476.327,367.403,110
478.285,366.995,110
480.243,366.587,110
482.201,366.179,110
484.159,365.771,110
486.057,365.152,110
487.939,364.475,110
489.821,363.798,110
491.703,363.121,110
493.585,362.444,110
495.432,361.679,110
497.275,360.902,110
499.11,360.108,110
500.878,359.173,110
502.647,358.239,110
504.415,357.305,110
506.183,356.371,110
507.952,355.436,110
509.72,354.502,110
511.489,353.568,110
513.257,352.634,110
515.02,351.689,110
516.779,350.737,110
518.538,349.785,110
520.297,348.833,110
522.056,347.882,110
523.815,346.93,110
525.574,345.978,110
527.299,344.969,110
528.984,343.892,110
530.67,342.815,110
532.355,341.738,110
534.04,340.662,110
535.702,339.55,110
537.343,338.406,110
538.984,337.263,110
540.625,336.119,110
542.265,334.975,110
543.906,333.832,110
545.563,332.712,110
547.241,331.623,110
548.918,330.534,110
550.595,329.444,110
552.272,328.355,110
553.95,327.265,110
555.627,326.176,110
557.235,324.988,110
558.831,323.783,110
560.427,322.577,110
562.023,321.372,110
563.619,320.166,110
565.208,318.952,110
566.794,317.734,110
568.38,316.515,110
569.966,315.297,110
571.552,314.079,110
573.138,312.86,110
574.794,311.739,110
576.452,310.62,110
578.11,309.501,110
579.767,308.382,110
581.425,307.263,110
583.103,306.176,110
584.815,305.142,110
586.527,304.108,110
588.239,303.074,110
589.951,302.04,110
591.663,301.006,110
593.375,299.972,110
595.103,298.966,110
596.835,297.965,110
598.566,296.964,110
600.298,295.963,110
602.029,294.962,110
603.761,293.961,110
605.492,292.96,110
607.223,291.958,110
608.955,290.957,110
610.671,289.931,110
612.386,288.902,110
614.102,287.874,110
615.817,286.845,110
617.536,285.823,110
619.284,284.852,110
621.033,283.881,110
622.782,282.91,110
624.53,281.94,110
626.297,281.005,110
628.099,280.136,110
629.9,279.267,110
631.701,278.398,110
633.503,277.529,110
635.304,276.66,110
637.072,275.728,110
638.79,274.705,110
640.509,273.682,110
642.224,272.654,110
643.88,271.532,110
645.536,270.411,110
647.192,269.289,110
648.847,268.167,110
650.426,266.943,110
651.966,265.667,110
653.506,264.391,110
655.046,263.115,110
656.586,261.838,110
658.056,260.483,110
659.501,259.101,110
660.947,257.719,110
662.393,256.337,110
663.838,254.955,110
665.284,253.573,110
666.73,252.191,110
668.127,250.762,110
669.463,249.274,110
670.799,247.785,110
672.135,246.297,110
673.471,244.808,110
674.772,243.29,110
676.052,241.753,110
677.332,240.216,110
678.612,238.68,110
679.821,237.088,110
680.968,235.45,110
682.116,233.812,110
683.263,232.174,110
684.411,230.536,110
685.559,228.899,110
686.708,227.261,110
687.856,225.624,110
689.004,223.986,110
690.153,222.349,110
691.262,220.687,110
692.252,218.949,110
693.242,217.211,110
694.232,215.474,110
695.222,213.736,110
696.212,211.998,110
697.203,210.26,110
698.133,208.49,110
699.062,206.719,110
699.992,204.948,110
700.921,203.177,110
701.851,201.406,110
702.781,199.636,110
703.71,197.865,110
704.64,196.094,110
705.569,194.323,110
706.497,192.551,110
707.417,190.776,110
708.337,189,110
709.257,187.224,110
710.178,185.448,110
711.098,183.672,110
712.018,181.897,110
712.895,180.099,110
713.765,178.299,110
714.635,176.498,110
715.505,174.697,110
716.376,172.896,110
717.246,171.096,110
718.116,169.295,110
718.986,167.494,110
719.874,165.702,110
720.769,163.914,110
721.664,162.125,110
722.559,160.336,110
723.454,158.548,110
724.349,156.759,110
725.248,154.973,110
726.168,153.197,110
727.088,151.421,110
728.008,149.645,110
728.928,147.869,110
729.848,146.093,110
730.768,144.318,110
731.688,142.542,110
732.608,140.766,110
733.523,138.987,110
734.434,137.207,110
735.345,135.427,110
736.257,133.646,110
737.168,131.866,110
738.079,130.086,110
739.103,128.369,110
740.161,126.672,110
741.219,124.975,110
742.277,123.277,110
743.333,121.579,110
744.351,119.857,110
745.368,118.135,110
746.385,116.413,110
747.402,114.691,110
748.419,112.969,110
749.437,111.247,110
750.465,109.532,110
751.51,107.827,110
752.555,106.121,110
753.6,104.416,110
754.645,102.711,110
755.69,101.005,110
756.735,99.3,110
757.78,97.595,110
758.896,95.935,110
760.022,94.283,110
761.149,92.63,110
762.275,90.977,110
763.401,89.325,110
764.543,87.682,110
765.684,86.04,110
766.84,84.408,110
768.003,82.781,110
769.166,81.154,110
770.329,79.527,110
771.639,78.018,110
772.98,76.534,110
774.321,75.051,110
775.663,73.567,110
776.979,72.062,110
778.284,70.546,110
779.59,69.031,110
780.895,67.515,110
719.777,23.38,130
718.116,24.494,130
716.455,25.608,130
714.794,26.722,130
713.133,27.837,130
711.472,28.951,130
709.811,30.065,130
708.105,31.107,130
706.394,32.143,130
704.683,33.179,130
702.973,34.215,130
701.262,35.251,130
699.551,36.287,130
697.84,37.323,130
696.129,38.359,130
694.419,39.395,130
692.708,40.431,130
690.995,41.464,130
689.261,42.461,130
687.528,43.458,130
685.794,44.455,130
684.06,45.452,130
682.326,46.448,130
680.592,47.445,130
678.858,48.442,130
677.124,49.439,130
675.391,50.436,130
673.657,51.433,130
671.923,52.43,130
670.17,53.39,130
668.383,54.29,130
666.597,55.189,130
664.81,56.088,130
663.024,56.987,130
661.237,57.887,130
659.451,58.786,130
657.665,59.685,130
655.883,60.593,130
654.105,61.51,130
652.328,62.427,130
650.551,63.344,130
648.773,64.261,130
646.996,65.179,130
645.219,66.096,130
643.441,67.013,130
641.664,67.93,130
639.888,68.85,130
638.116,69.777,130
636.344,70.704,130
634.572,71.631,130
632.8,72.559,130
631.024,73.479,130
629.216,74.334,130
627.409,75.19,130
625.601,76.046,130
623.783,76.879,130
621.93,77.63,130
620.076,78.381,130
618.222,79.131,130
616.368,79.882,130
614.514,80.632,130
612.661,81.383,130
610.813,82.149,130
608.977,82.942,130
607.142,83.736,130
605.306,84.53,130
603.47,85.324,130
601.614,86.066,130
599.73,86.737,130
597.846,87.408,130
595.962,88.079,130
594.078,88.75,130
592.192,89.416,130
590.271,89.973,130
588.35,90.529,130
586.429,91.085,130
584.508,91.641,130
582.583,92.181,130
580.639,92.653,130
578.695,93.124,130
576.752,93.596,130
574.808,94.067,130
572.864,94.539,130
570.921,95.01,130
568.979,95.488,130
567.048,96.008,130
565.116,96.528,130
563.185,97.048,130
561.243,97.518,130
559.27,97.843,130
557.296,98.168,130
555.31,98.332,130
553.31,98.332,130
551.31,98.332,130
549.428,97.661,130
547.564,96.943,130
545.814,95.974,130
544.065,95.005,130
542.537,93.722,130
541.039,92.397,130
539.541,91.072,130
538.378,89.474,130
537.386,87.738,130
536.427,85.986,130
535.76,84.1,130
535.093,82.215,130
534.426,80.329,130
534.069,78.366,130
533.766,76.389,130
533.463,74.412,130
533.452,72.415,130
533.481,70.415,130
533.51,68.416,130
533.596,66.42,130
533.844,64.435,130
534.093,62.451,130
534.342,60.466,130
534.59,58.482,130
534.839,56.497,130
535.307,54.554,130
535.793,52.614,130
536.284,50.675,130
536.791,48.74,130
537.297,46.806,130
537.804,44.871,130
538.388,42.959,130
538.998,41.054,130
539.608,39.149,130
540.398,37.312,130
541.193,35.477,130
541.987,33.641,130
542.886,31.856,130
543.814,30.084,130
544.743,28.313,130
545.671,26.541,130
562.302,65.592,140
560.451,66.349,140
558.72,67.309,140
557.212,68.623,140
555.793,70.029,140
554.53,71.556,140
553.776,73.407,140
553.312,75.34,140
553.383,77.335,140
553.862,79.257,140
554.733,81.053,140
555.84,82.698,140
557.329,84.033,140
559.001,85.083,140
560.886,85.732,140
562.826,86.216,140
564.816,86.419,140
566.809,86.57,140
568.808,86.646,140
570.804,86.572,140
572.788,86.362,140
574.733,85.897,140
576.648,85.323,140
578.505,84.606,140
580.12,83.445,140
581.563,82.062,140
582.901,80.58,140
583.753,78.771,140
584.095,76.815,140
584.231,74.82,140
584.079,72.84,140
583.727,70.871,140
582.88,69.085,140
581.737,67.479,140
580.117,66.306,140
578.302,65.546,140
576.355,65.104,140
574.366,64.893,140
572.377,64.701,140
570.378,64.751,140
568.378,64.801,140
566.388,64.965,140
564.409,65.253,140
476.806,96.272,120
476.508,98.249,120
476.21,100.227,120
475.912,102.205,120
475.614,104.182,120
475.316,106.16,120
475.017,108.138,120
474.719,110.115,120
474.421,112.093,120
474.123,114.071,120
473.825,116.048,120
473.527,118.026,120
473.229,120.004,120
472.931,121.981,120
472.633,123.959,120
472.335,125.936,120
472.036,127.914,120
471.738,129.892,120
471.44,131.869,120
471.142,133.847,120
470.844,135.825,120
470.547,137.803,120
470.263,139.782,120
469.979,141.762,120
469.695,143.742,120
469.412,145.722,120
469.128,147.701,120
468.844,149.681,120
468.56,151.661,120
468.277,153.641,120
467.993,155.62,120
467.709,157.6,120
467.392,159.575,120
467.07,161.549,120
466.748,163.523,120
466.426,165.497,120
466.104,167.47,120
465.782,169.444,120
465.46,171.418,120
465.138,173.392,120
464.782,175.36,120
464.398,177.323,120
464.014,179.286,120
463.631,181.249,120
463.247,183.211,120
462.863,185.174,120
462.501,187.141,120
462.19,189.117,120
461.878,191.092,120
461.567,193.068,120
461.255,195.043,120
460.944,197.019,120
460.633,198.995,120
460.219,200.95,120
459.765,202.898,120
459.311,204.846,120
458.857,206.794,120
458.403,208.741,120
457.931,210.685,120
457.438,212.623,120
456.944,214.561,120
456.45,216.499,120
455.956,218.437,120
455.462,220.375,120
454.968,222.313,120
454.474,224.251,120
453.98,226.189,120
453.456,228.118,120
452.778,230,120
452.1,231.881,120
451.422,233.763,120
450.744,235.644,120
450.065,237.526,120
449.31,239.376,120
448.511,241.21,120
447.713,243.044,120
446.914,244.877,120
446.116,246.711,120
445.163,248.464,120
444.113,250.166,120
443.062,251.868,120
442.012,253.57,120
440.962,255.273,120
439.871,256.947,120
438.689,258.56,120
437.507,260.173,120
436.244,261.723,120
434.943,263.242,120
433.642,264.761,120
432.342,266.281,120
430.91,267.665,120
429.351,268.917,120
427.792,270.17,120
426.233,271.423,120
424.674,272.675,120
423.115,273.928,120
421.422,274.985,120
419.687,275.98,120
417.952,276.975,120
416.217,277.97,120
414.468,278.934,120
412.572,279.569,120
410.675,280.203,120
408.778,280.838,120
406.882,281.473,120
404.985,282.108,120
403.089,282.742,120
401.192,283.377,120
399.295,284.012,120
397.399,284.647,120
395.464,285.15,120
393.523,285.633,120
391.582,286.115,120
389.641,286.597,120
387.7,287.08,120
385.759,287.562,120
383.818,288.044,120
381.874,288.515,120
379.931,288.986,120
377.987,289.457,120
376.043,289.928,120
374.099,290.399,120
372.156,290.87,120
370.212,291.341,120
368.268,291.812,120
366.324,292.283,120
364.39,292.786,120
362.484,293.392,120
360.578,293.999,120
358.672,294.605,120
356.766,295.212,120
354.861,295.818,120
353.008,296.555,120
351.226,297.463,120
349.445,298.372,120
347.663,299.28,120
346.021,300.4,120
344.492,301.689,120
343.05,303.059,120
341.873,304.676,120
341.036,306.418,120
340.889,308.412,120
340.742,310.407,120
341.079,312.374,120
341.453,314.338,120
341.828,316.303,120
342.985,317.911,120
344.221,319.484,120
345.457,321.057,120
346.692,322.629,120
347.949,324.183,120
349.363,325.598,120
350.776,327.013,120
352.19,328.427,120
353.604,329.842,120
355.018,331.257,120
356.431,332.671,120
357.877,334.053,120
359.325,335.432,120
360.774,336.812,120
362.333,338.062,120
363.917,339.282,120
365.501,340.503,120
367.085,341.724,120
368.755,342.816,120
370.497,343.799,120
372.239,344.782,120
373.98,345.765,120
375.722,346.748,120
377.464,347.731,120
379.316,348.48,120
381.183,349.196,120
383.05,349.913,120
384.918,350.629,120
386.838,351.172,120
388.787,351.622,120
390.735,352.072,120
392.684,352.521,120
394.633,352.971,120
396.582,353.421,120
398.55,353.758,120
400.536,353.994,120
402.522,354.229,120
404.508,354.465,120
406.498,354.665,120
408.493,354.797,120
410.489,354.929,120
412.485,355.061,120
414.48,355.193,120
416.475,355.166,120
418.468,354.998,120
420.46,354.831,120
422.453,354.663,120
424.443,354.46,120
426.431,354.244,120
428.42,354.029,120
430.36,353.561,120
432.289,353.033,120
434.218,352.505,120
436.147,351.976,120
438.076,351.448,120
439.97,350.812,120
441.836,350.094,120
443.703,349.377,120
445.579,348.682,120
447.459,348,120
449.339,347.319,120
451.219,346.637,120
453.078,345.899,120
454.932,345.148,120
456.785,344.397,120
458.639,343.645,120
460.421,342.742,120
462.182,341.794,120
463.943,340.846,120
465.704,339.898,120
467.449,338.922,120
469.165,337.895,120
470.882,336.869,120
472.599,335.843,120
474.315,334.817,120
476.016,333.765,120
477.705,332.694,120
479.394,331.622,120
481.083,330.551,120
482.772,329.479,120
484.429,328.364,120
486.016,327.145,120
487.602,325.927,120
489.188,324.709,120
490.774,323.491,120
492.356,322.267,120
493.934,321.038,120
495.512,319.81,120
497.101,318.597,120
498.791,317.526,120
500.48,316.456,120
502.17,315.386,120
503.859,314.316,120
505.435,313.103,120
506.859,311.698,120
508.283,310.293,120
509.707,308.889,120
511.13,307.484,120
512.554,306.079,120
513.978,304.675,120
515.401,303.27,120
516.814,301.854,120
518.219,300.431,120
519.624,299.007,120
521.028,297.584,120
522.433,296.16,120
523.838,294.737,120
525.243,293.313,120
526.648,291.89,120
528.038,290.452,120
529.385,288.974,120
530.732,287.496,120
532.08,286.018,120
533.427,284.54,120
534.775,283.062,120
536.122,281.584,120
537.446,280.086,120
538.719,278.543,120
539.992,277.001,120
541.265,275.458,120
542.539,273.916,120
543.812,272.373,120
545.085,270.83,120
546.332,269.268,120
547.512,267.653,120
548.693,266.039,120
549.873,264.424,120
551.053,262.81,120
552.234,261.195,120
553.414,259.581,120
554.59,257.963,120
555.711,256.307,120
556.831,254.65,120
557.952,252.993,120
558.865,251.218,120
559.73,249.415,120
560.595,247.611,120
561.269,245.741,120
561.712,243.791,120
562.155,241.841,120
562.598,239.891,120
562.772,237.902,120
562.893,235.905,120
563.014,233.909,120
562.953,231.919,120
562.691,229.936,120
562.43,227.954,120
562.201,225.968,120
562.09,223.971,120
561.979,221.974,120
561.868,219.977,120
561.757,217.98,120
561.646,215.983,120
561.535,213.986,120
561.464,211.988,120
561.44,209.988,120
561.417,207.988,120
561.393,205.988,120
561.369,203.988,120
561.346,201.989,120
561.329,199.989,120
561.329,197.989,120
561.329,195.989,120
561.396,193.991,120
561.565,191.999,120
561.734,190.006,120
561.903,188.013,120
562.09,186.022,120
562.33,184.036,120
562.569,182.051,120
562.809,180.065,120
563.048,178.08,120
563.472,176.126,120
563.927,174.179,120
564.382,172.231,120
564.856,170.289,120
565.368,168.355,120
565.879,166.422,120
566.39,164.488,120
566.974,162.576,120
567.588,160.672,120
568.201,158.769,120
568.815,156.865,120
569.565,155.013,120
570.351,153.174,120
571.144,151.337,120
571.952,149.508,120
572.761,147.679,120
573.572,145.851,120
574.518,144.089,120
575.465,142.327,120
576.411,140.565,120
577.378,138.815,120
578.458,137.132,120
579.538,135.448,120
580.618,133.765,120
581.781,132.14,120
582.984,130.542,120
584.187,128.944,120
585.39,127.347,120
586.721,125.855,120
588.075,124.384,120
589.43,122.912,120
590.838,121.494,120
592.313,120.144,120
593.788,118.794,120
595.292,117.478,120
596.9,116.288,120
598.508,115.099,120
600.116,113.909,120
601.756,112.765,120
603.397,111.622,120
605.038,110.478,120
606.679,109.335,120
608.32,108.192,120
609.962,107.05,120
611.605,105.909,120
613.253,104.777,120
614.902,103.645,120
616.551,102.513,120
618.199,101.38,120
619.886,100.306,120
621.594,99.267,120
623.303,98.228,120
625.012,97.189,120
626.721,96.15,120
628.43,95.111,120
630.139,94.072,120
631.848,93.033,120
633.567,92.011,120
635.29,90.995,120
637.013,89.979,120
638.736,88.963,120
640.458,87.948,120
642.181,86.932,120
643.904,85.916,120
645.627,84.9,120
647.35,83.885,120
649.073,82.87,120
650.797,81.855,120
652.52,80.84,120
654.244,79.826,120
655.967,78.811,120
657.69,77.796,120
659.417,76.787,120
661.165,75.814,120
662.912,74.84,120
664.659,73.867,120
666.406,72.893,120
668.153,71.92,120
669.9,70.946,120
671.648,69.974,120
673.396,69.003,120
675.144,68.031,120
676.892,67.059,120
678.64,66.087,120
680.39,65.118,120
682.14,64.151,120
683.891,63.185,120
685.642,62.218,120
687.393,61.251,120
689.144,60.284,120
690.91,59.347,120
692.684,58.423,120
694.458,57.499,120
696.232,56.575,120
698.005,55.651,120
699.779,54.727,120
701.553,53.803,120
703.326,52.877,120
705.089,51.934,120
706.852,50.99,120
708.616,50.047,120
710.379,49.103,120
712.143,48.16,120
713.906,47.216,120
715.664,46.262,120
717.415,45.296,120
719.167,44.33,120
720.918,43.365,120
722.67,42.399,120
724.421,41.434,120
726.173,40.468,120
727.924,39.502,120
729.686,38.557,120
731.485,37.683,120
733.284,36.81,120
735.083,35.936,120
736.882,35.062,120
738.681,34.189,120
740.462,33.279,120
742.23,32.344,120
743.997,31.408,120
745.765,30.472,120
747.532,29.536,120
426.768,292.53,130
424.977,293.417,130
423.252,294.43,130
421.528,295.443,130
419.803,296.455,130
417.984,297.274,130
416.12,297.999,130
414.257,298.725,130
412.393,299.451,130
410.432,299.789,130
408.447,300.033,130
406.462,300.277,130
404.476,300.511,130
402.476,300.525,130
400.476,300.539,130
398.476,300.553,130
396.476,300.567,130
394.476,300.595,130
392.477,300.628,130
390.477,300.662,130
388.477,300.695,130
386.477,300.728,130
384.478,300.761,130
382.478,300.794,130
380.483,300.875,130
378.518,301.248,130
376.553,301.621,130
374.591,302.004,130
372.729,302.732,130
370.866,303.461,130
369.097,304.386,130
367.357,305.373,130
365.673,306.431,130
364.281,307.867,130
362.999,309.394,130
361.857,311.035,130
361.152,312.884,130
360.978,314.84,130
361.192,316.828,130
361.772,318.742,130
362.351,320.656,130
363.019,322.529,130
364.126,324.195,130
365.232,325.861,130
366.338,327.527,130
367.514,329.141,130
368.819,330.657,130
370.123,332.173,130
371.427,333.689,130
372.732,335.205,130
374.343,336.389,130
375.958,337.569,130
377.573,338.748,130
379.242,339.846,130
380.972,340.849,130
382.703,341.852,130
384.433,342.854,130
386.208,343.77,130
388.041,344.57,130
389.873,345.371,130
391.706,346.172,130
393.539,346.972,130
395.417,347.642,130
397.35,348.157,130
399.283,348.671,130
401.215,349.186,130
403.157,349.658,130
405.137,349.939,130
407.117,350.219,130
409.097,350.5,130
411.077,350.781,130
413.069,350.856,130
415.069,350.803,130
417.068,350.749,130
419.067,350.696,130
421.06,350.539,130
423.053,350.363,130
425.033,350.103,130
426.997,349.725,130
428.961,349.346,130
430.922,348.952,130
432.882,348.555,130
434.793,347.99,130
436.658,347.268,130
438.523,346.546,130
440.384,345.813,130
442.245,345.08,130
444.105,344.346,130
445.947,343.569,130
447.745,342.694,130
449.543,341.818,130
451.342,340.943,130
453.14,340.068,130
454.9,339.122,130
456.617,338.096,130
458.334,337.071,130
460.023,336,130
461.687,334.891,130
463.352,333.782,130
465.016,332.673,130
466.681,331.565,130
468.182,330.246,130
469.669,328.908,130
471.156,327.571,130
472.643,326.233,130
474.13,324.895,130
475.616,323.558,130
477.103,322.22,130
478.59,320.883,130
480.072,319.54,130
481.553,318.196,130
483.034,316.851,130
484.515,315.507,130
485.996,314.163,130
487.343,312.687,130
488.667,311.188,130
489.99,309.688,130
491.314,308.189,130
492.638,306.689,130
493.961,305.19,130
495.293,303.698,130
496.633,302.213,130
497.972,300.728,130
499.342,299.271,130
500.733,297.833,130
502.123,296.396,130
503.514,294.959,130
504.904,293.521,130
506.153,291.97,130
507.252,290.299,130
508.352,288.628,130
509.451,286.958,130
510.589,285.313,130
511.73,283.67,130
512.871,282.028,130
514.012,280.385,130
515.153,278.743,130
516.294,277.1,130
517.452,275.469,130
518.62,273.846,130
519.789,272.223,130
520.958,270.6,130
522.126,268.977,130
523.295,267.354,130
524.464,265.731,130
525.576,264.071,130
526.626,262.369,130
527.677,260.667,130
528.727,258.965,130
529.778,257.263,130
530.828,255.561,130
531.78,253.802,130
532.732,252.043,130
533.684,250.284,130
534.636,248.525,130
535.588,246.766,130
536.476,244.976,130
537.29,243.149,130
538.104,241.322,130
538.896,239.486,130
539.635,237.628,130
540.375,235.77,130
541.033,233.887,130
541.453,231.931,130
541.872,229.976,130
541.948,227.995,130
541.82,225.999,130
541.693,224.003,130
541.313,222.045,130
540.849,220.099,130
540.386,218.154,130
539.571,216.328,130
538.748,214.505,130
537.925,212.682,130
536.882,210.991,130
535.665,209.404,130
534.363,207.9,130
532.804,206.648,130
531.244,205.396,130
529.471,204.485,130
527.662,203.632,130
525.853,202.779,130
523.938,202.217,130
522.004,201.71,130
520.053,201.292,130
518.065,201.07,130
516.08,200.917,130
514.11,201.266,130
512.141,201.615,130
510.256,202.25,130
508.413,203.028,130
506.571,203.805,130
504.728,204.583,130
502.961,205.515,130
501.21,206.481,130
499.459,207.448,130
497.719,208.434,130
496.046,209.53,130
494.373,210.626,130
492.975,212.05,130
491.601,213.503,130
490.367,215.071,130
489.209,216.702,130
488.052,218.333,130
486.923,219.984,130
485.835,221.662,130
484.747,223.34,130
483.659,225.019,130
482.571,226.697,130
481.483,228.375,130
480.395,230.053,130
479.307,231.731,130
478.234,233.419,130
477.192,235.126,130
476.151,236.833,130
475.109,238.541,130
474.017,240.215,130
472.885,241.864,130
471.753,243.513,130
470.62,245.161,130
469.488,246.81,130
468.356,248.459,130
467.224,250.107,130
466.081,251.749,130
464.917,253.375,130
463.752,255.001,130
462.588,256.627,130
461.416,258.248,130
460.218,259.849,130
459.02,261.451,130
457.823,263.052,130
456.625,264.654,130
455.427,266.256,130
454.198,267.833,130
452.931,269.381,130
451.664,270.928,130
450.397,272.476,130
449.029,273.929,130
447.572,275.299,130
446.114,276.668,130
444.657,278.038,130
443.2,279.407,130
441.736,280.77,130
440.266,282.126,130
438.796,283.482,130
437.302,284.811,130
435.702,286.01,130
434.102,287.209,130
432.501,288.409,130
430.912,289.623,130
429.326,290.841,130
400.775,309.84,140
398.777,309.931,140
396.835,310.298,140
394.954,310.977,140
393.072,311.653,140
391.182,312.309,140
389.293,312.964,140
387.522,313.86,140
385.852,314.96,140
384.181,316.06,140
382.554,317.212,140
381.169,318.655,140
380.127,320.274,140
379.758,322.24,140
379.757,324.22,140
379.967,326.209,140
380.527,328.073,140
381.627,329.743,140
382.73,331.411,140
384.073,332.893,140
385.417,334.374,140
386.977,335.612,140
388.607,336.77,140
390.238,337.928,140
391.955,338.953,140
393.777,339.766,140
395.655,340.45,140
397.574,341.011,140
399.449,341.708,140
401.4,342.127,140
403.272,342.83,140
405.211,343.317,140
407.184,343.64,140
409.171,343.864,140
411.165,344.018,140
413.163,344.065,140
415.163,344.065,140
417.15,343.924,140
419.117,343.563,140
421.08,343.184,140
422.988,342.582,140
424.895,341.981,140
426.79,341.345,140
428.653,340.617,140
430.515,339.888,140
432.378,339.159,140
434.2,338.349,140
435.895,337.289,140
437.591,336.228,140
439.286,335.167,140
440.982,334.107,140
442.678,333.047,140
444.374,331.986,140
446.069,330.926,140
447.765,329.865,140
449.461,328.805,140
451.101,327.664,140
452.705,326.469,140
454.309,325.274,140
455.913,324.08,140
457.517,322.885,140
459.11,321.676,140
460.664,320.417,140
462.218,319.158,140
463.772,317.9,140
465.327,316.641,140
466.881,315.382,140
468.363,314.043,140
469.78,312.632,140
471.198,311.221,140
472.615,309.809,140
474.032,308.398,140
475.449,306.987,140
476.866,305.575,140
478.225,304.108,140
479.582,302.639,140
480.939,301.17,140
482.296,299.701,140
483.613,298.196,140
484.921,296.682,140
486.228,295.169,140
487.536,293.656,140
488.843,292.142,140
490.12,290.604,140
491.299,288.989,140
492.478,287.373,140
493.656,285.757,140
494.835,284.142,140
496.112,282.607,140
497.478,281.146,140
498.874,279.715,140
500.322,278.335,140
501.77,276.956,140
503.218,275.576,140
504.497,274.056,140
505.588,272.38,140
506.68,270.704,140
507.748,269.014,140
508.694,267.252,140
509.641,265.49,140
510.587,263.728,140
511.533,261.967,140
512.48,260.205,140
513.426,258.443,140
514.338,256.663,140
515.243,254.879,140
516.149,253.096,140
517.054,251.313,140
517.96,249.53,140
518.865,247.746,140
519.714,245.936,140
520.557,244.122,140
521.4,242.308,140
522.242,240.494,140
523.085,238.68,140
523.851,236.833,140
524.513,234.957,140
524.776,232.974,140
524.823,230.975,140
524.385,229.024,140
523.537,227.236,140
522.463,225.552,140
521.25,223.962,140
519.881,222.506,140
518.27,221.331,140
516.359,220.805,140
514.389,220.472,140
512.406,220.327,140
510.432,220.651,140
508.532,221.199,140
506.747,222.102,140
504.962,223.005,140
503.212,223.965,140
501.567,225.102,140
499.922,226.24,140
498.357,227.474,140
496.942,228.887,140
495.534,230.307,140
494.238,231.83,140
492.942,233.353,140
491.729,234.936,140
490.707,236.656,140
489.686,238.375,140
488.664,240.094,140
487.642,241.813,140
486.74,243.597,140
485.87,245.398,140
484.959,247.177,140
483.932,248.893,140
482.905,250.609,140
481.878,252.325,140
480.851,254.042,140
479.786,255.734,140
478.717,257.425,140
477.618,259.095,140
476.495,260.75,140
475.373,262.405,140
474.237,264.052,140
473.097,265.695,140
471.957,267.339,140
470.825,268.987,140
469.71,270.648,140
468.596,272.309,140
467.447,273.945,140
466.247,275.545,140
465.047,277.145,140
463.781,278.692,140
462.496,280.225,140
461.197,281.746,140
459.861,283.234,140
458.525,284.722,140
457.145,286.169,140
455.726,287.578,140
454.306,288.987,140
452.887,290.396,140
451.468,291.805,140
449.939,293.092,140
448.382,294.347,140
446.824,295.601,140
445.256,296.842,140
443.677,298.07,140
442.098,299.297,140
440.504,300.506,140
438.868,301.646,140
437.075,302.532,140
435.282,303.418,140
433.419,304.141,140
431.542,304.83,140
429.672,305.54,140
427.807,306.263,140
425.877,306.771,140
423.925,307.204,140
421.951,307.521,140
419.972,307.81,140
417.993,308.097,140
416.013,308.382,140
414.033,308.665,140
412.049,308.919,140
410.065,309.173,140
408.082,309.427,140
406.087,309.556,140
404.089,309.65,140
402.365,316.506,150
400.377,316.409,150
398.378,316.47,150
396.433,316.855,150
394.547,317.508,150
392.832,318.511,150
391.338,319.841,150
390.438,321.574,150
389.95,323.495,150
389.819,325.49,150
390.256,327.42,150
391.039,329.256,150
392.182,330.87,150
393.534,332.344,150
395.028,333.66,150
396.629,334.86,150
398.306,335.935,150
400.091,336.837,150
401.926,337.613,150
403.847,338.171,150
405.803,338.546,150
407.792,338.754,150
409.789,338.851,150
411.788,338.91,150
413.788,338.913,150
415.787,338.878,150
417.774,338.655,150
419.719,338.223,150
421.631,337.637,150
423.526,337.006,150
425.346,336.178,150
427.167,335.35,150
428.881,334.329,150
430.458,333.132,150
431.608,331.496,150
432.729,329.839,150
433.701,328.117,150
434.195,326.179,150
434.43,324.213,150
434.168,322.242,150
433.255,320.517,150
431.994,318.965,150
430.297,317.943,150
428.456,317.218,150
426.482,316.916,150
424.485,316.808,150
422.488,316.7,150
420.49,316.603,150
418.493,316.505,150
416.495,316.408,150
414.497,316.409,150
412.498,316.481,150
410.5,316.553,150
408.5,316.564,150
406.5,316.553,150
404.5,316.541,150
