167.448,281.906,0.55
169.445,281.907,0.55
171.44,281.769,0.55
173.435,281.632,0.55
175.431,281.494,0.55
177.418,281.296,0.55
179.384,280.929,0.55
181.35,280.563,0.55
183.319,280.208,0.55
185.289,279.864,0.55
187.259,279.52,0.55
189.229,279.176,0.55
191.179,278.734,0.55
193.124,278.266,0.55
195.068,277.799,0.55
197.013,277.332,0.55
198.948,276.827,0.55
200.883,276.322,0.55
202.818,275.816,0.55
204.753,275.31,0.55
206.674,274.76,0.55
208.523,274,0.55
210.373,273.239,0.55
212.223,272.479,0.55
214.014,271.59,0.55
215.804,270.697,0.55
217.571,269.761,0.55
219.326,268.802,0.55
221.081,267.844,0.55
222.816,266.848,0.55
224.535,265.827,0.55
226.255,264.806,0.55
227.849,263.606,0.55
229.394,262.336,0.55
230.939,261.066,0.55
232.49,259.803,0.55
234.041,258.54,0.55
235.592,257.278,0.55
237.023,255.886,0.55
238.394,254.43,0.55
239.768,252.976,0.55
241.155,251.536,0.55
242.542,250.095,0.55
243.845,248.58,0.55
245.087,247.013,0.55
246.329,245.445,0.55
247.571,243.878,0.55
248.758,242.269,0.55
249.91,240.634,0.55
251.061,238.999,0.55
252.204,237.358,0.55
253.224,235.637,0.55
254.244,233.917,0.55
255.264,232.197,0.55
256.29,230.48,0.55
257.317,228.764,0.55
258.306,227.028,0.55
259.138,225.209,0.55
259.969,223.39,0.55
260.799,221.57,0.55
261.487,219.692,0.55
262.175,217.814,0.55
262.853,215.933,0.55
263.507,214.043,0.55
264.161,212.152,0.55
264.76,210.247,0.55
265.198,208.295,0.55
265.635,206.344,0.55
266.072,204.392,0.55
266.589,202.46,0.55
267.109,200.529,0.55
267.546,198.579,0.55
267.9,196.611,0.55
268.255,194.642,0.55
268.575,192.669,0.55
268.802,190.682,0.55
269.028,188.695,0.55
269.116,186.703,0.55
269.015,184.706,0.55
268.915,182.708,0.55
268.815,180.711,0.55
268.625,178.72,0.55
268.423,176.73,0.55
268.098,174.758,0.55
267.734,172.792,0.55
267.183,170.872,0.55
266.583,168.964,0.55
265.983,167.056,0.55
265.382,165.148,0.55
264.587,163.315,0.55
263.749,161.499,0.55
262.883,159.696,0.55
262.017,157.893,0.55
261.151,156.09,0.55
260.285,154.288,0.55
259.419,152.485,0.55
258.553,150.682,0.55
162.888,315.381,0.5
164.848,314.987,0.5
166.82,314.649,0.5
168.791,314.311,0.5
170.775,314.074,0.5
172.768,313.904,0.5
174.761,313.734,0.5
176.737,313.464,0.5
178.684,313.006,0.5
180.631,312.548,0.5
182.578,312.091,0.5
184.524,311.628,0.5
186.465,311.148,0.5
188.407,310.668,0.5
190.348,310.188,0.5
192.286,309.693,0.5
194.186,309.068,0.5
196.085,308.443,0.5
197.985,307.818,0.5
199.885,307.193,0.5
201.679,306.313,0.5
203.459,305.402,0.5
205.239,304.491,0.5
207.031,303.603,0.5
208.856,302.785,0.5
210.681,301.967,0.5
212.506,301.149,0.5
214.331,300.331,0.5
216.156,299.513,0.5
217.938,298.612,0.5
219.642,297.566,0.5
221.347,296.52,0.5
223.052,295.475,0.5
224.757,294.429,0.5
226.461,293.383,0.5
228.057,292.178,0.5
229.651,290.969,0.5
231.244,289.76,0.5
232.837,288.551,0.5
234.43,287.342,0.5
235.976,286.074,0.5
237.493,284.771,0.5
239.01,283.468,0.5
240.527,282.164,0.5
242.044,280.861,0.5
243.555,279.551,0.5
244.954,278.122,0.5
246.354,276.693,0.5
247.753,275.264,0.5
249.152,273.835,0.5
250.551,272.406,0.5
251.911,270.941,0.5
253.211,269.421,0.5
254.511,267.901,0.5
255.809,266.379,0.5
257.096,264.848,0.5
258.383,263.317,0.5
259.67,261.787,0.5
260.957,260.256,0.5
262.241,258.723,0.5
263.426,257.111,0.5
264.61,255.499,0.5
265.794,253.888,0.5
266.978,252.276,0.5
268.162,250.664,0.5
269.327,249.038,0.5
270.488,247.41,0.5
271.648,245.781,0.5
272.746,244.11,0.5
273.803,242.412,0.5
274.86,240.714,0.5
275.917,239.016,0.5
276.867,237.258,0.5
277.791,235.484,0.5
278.714,233.71,0.5
279.638,231.936,0.5
280.561,230.162,0.5
281.484,228.387,0.5
282.345,226.583,0.5
283.152,224.753,0.5
283.959,222.923,0.5
284.766,221.093,0.5
285.573,219.263,0.5
286.335,217.415,0.5
287.04,215.544,0.5
287.746,213.672,0.5
288.452,211.801,0.5
289.157,209.929,0.5
289.863,208.058,0.5
290.494,206.161,0.5
291.081,204.249,0.5
291.668,202.337,0.5
292.255,200.426,0.5
292.842,198.514,0.5
293.428,196.601,0.5
294.012,194.688,0.5
294.595,192.775,0.5
295.179,190.862,0.5
295.762,188.949,0.5
296.395,187.052,0.5
297.032,185.157,0.5
297.67,183.261,0.5
298.308,181.365,0.5
298.942,179.469,0.5
299.535,177.558,0.5
300.127,175.648,0.5
300.72,173.738,0.5
301.278,171.818,0.5
301.797,169.886,0.5
302.316,167.955,0.5
302.835,166.023,0.5
303.354,164.092,0.5
303.873,162.16,0.5
304.351,160.219,0.5
304.76,158.261,0.5
305.169,156.304,0.5
305.578,154.346,0.5
305.987,152.388,0.5
306.397,150.431,0.5
150.925,365.882,0.5
152.925,365.896,0.5
154.925,365.91,0.5
156.924,365.921,0.5
158.899,365.606,0.5
160.874,365.291,0.5
162.849,364.976,0.5
164.824,364.661,0.5
166.773,364.216,0.5
168.716,363.741,0.5
170.659,363.267,0.5
172.602,362.792,0.5
174.545,362.318,0.5
176.469,361.778,0.5
178.365,361.142,0.5
180.261,360.506,0.5
182.157,359.87,0.5
184.053,359.234,0.5
185.95,358.598,0.5
187.801,357.846,0.5
189.627,357.031,0.5
191.454,356.216,0.5
193.28,355.401,0.5
195.107,354.586,0.5
196.858,353.623,0.5
198.598,352.638,0.5
200.339,351.652,0.5
202.079,350.667,0.5
203.74,349.554,0.5
205.385,348.417,0.5
207.031,347.281,0.5
208.676,346.144,0.5
210.322,345.007,0.5
211.968,343.87,0.5
213.582,342.692,0.5
215.156,341.458,0.5
216.731,340.224,0.5
218.305,338.991,0.5
219.879,337.757,0.5
221.453,336.524,0.5
223.028,335.29,0.5
224.549,333.994,0.5
226.029,332.649,0.5
227.508,331.303,0.5
228.988,329.957,0.5
230.468,328.612,0.5
231.947,327.266,0.5
233.427,325.92,0.5
234.906,324.575,0.5
236.386,323.229,0.5
237.829,321.845,0.5
239.261,320.448,0.5
240.693,319.052,0.5
242.125,317.656,0.5
243.557,316.26,0.5
244.989,314.863,0.5
246.421,313.467,0.5
247.782,312.002,0.5
249.12,310.516,0.5
250.458,309.03,0.5
251.796,307.543,0.5
253.134,306.057,0.5
254.472,304.571,0.5
255.811,303.084,0.5
257.149,301.598,0.5
258.487,300.111,0.5
259.825,298.625,0.5
261.163,297.139,0.5
262.502,295.652,0.5
263.84,294.166,0.5
265.178,292.68,0.5
266.516,291.193,0.5
267.885,289.736,0.5
269.28,288.303,0.5
270.675,286.869,0.5
272.07,285.436,0.5
273.465,284.003,0.5
274.86,282.57,0.5
276.255,281.137,0.5
277.65,279.704,0.5
279.045,278.271,0.5
280.44,276.837,0.5
281.835,275.404,0.5
283.23,273.971,0.5
284.625,272.538,0.5
286.02,271.105,0.5
287.39,269.648,0.5
288.714,268.149,0.5
290.038,266.65,0.5
291.362,265.151,0.5
292.686,263.652,0.5
294.01,262.153,0.5
295.334,260.654,0.5
296.658,259.155,0.5
297.982,257.656,0.5
299.306,256.157,0.5
300.63,254.658,0.5
301.954,253.159,0.5
303.278,251.66,0.5
304.602,250.161,0.5
305.926,248.662,0.5
307.297,247.206,0.5
308.692,245.774,0.5
310.088,244.341,0.5
311.484,242.909,0.5
312.88,241.477,0.5
314.275,240.044,0.5
315.671,238.612,0.5
317.067,237.179,0.5
318.463,235.747,0.5
319.859,234.315,0.5
321.254,232.882,0.5
322.65,231.45,0.5
323.972,229.949,0.5
325.281,228.438,0.5
326.591,226.926,0.5
327.9,225.414,0.5
329.21,223.902,0.5
330.519,222.39,0.5
331.828,220.879,0.5
333.138,219.367,0.5
334.447,217.855,0.5
335.757,216.343,0.5
337.066,214.831,0.5
338.375,213.32,0.5
339.687,211.81,0.5
341.016,210.316,0.5
342.345,208.821,0.5
343.675,207.327,0.5
345.004,205.833,0.5
346.333,204.338,0.5
347.663,202.844,0.5
348.992,201.35,0.5
350.321,199.855,0.5
351.65,198.361,0.5
352.98,196.867,0.5
354.309,195.372,0.5
355.608,193.852,0.5
356.897,192.322,0.5
358.185,190.793,0.5
359.474,189.263,0.5
360.762,187.733,0.5
362.05,186.204,0.5
363.339,184.674,0.5
364.627,183.144,0.5
365.916,181.615,0.5
367.204,180.085,0.5
368.493,178.555,0.5
369.781,177.025,0.5
371.07,175.496,0.5
372.358,173.966,0.5
373.646,172.436,0.5
374.935,170.907,0.5
376.223,169.377,0.5
377.512,167.847,0.5
378.8,166.318,0.5
380.089,164.788,0.5
381.377,163.258,0.5
382.665,161.729,0.5
383.954,160.199,0.5
385.242,158.669,0.5
386.531,157.14,0.5
387.819,155.61,0.5
389.108,154.08,0.5
390.396,152.55,0.5
391.684,151.021,0.5
392.956,149.477,0.5
394.217,147.925,0.5
395.478,146.372,0.5
396.739,144.82,0.5
398.001,143.268,0.5
399.262,141.716,0.5
400.523,140.164,0.5
401.784,138.612,0.5
403.046,137.059,0.5
404.307,135.507,0.5
405.568,133.955,0.5
406.829,132.403,0.5
408.091,130.851,0.5
409.352,129.299,0.5
410.613,127.746,0.5
411.874,126.194,0.5
413.136,124.642,0.5
414.397,123.09,0.5
415.658,121.538,0.5
416.919,119.986,0.5
418.181,118.433,0.5
419.442,116.881,0.5
420.703,115.329,0.5
421.964,113.777,0.5
423.199,112.203,0.5
424.43,110.627,0.5
425.662,109.052,0.5
426.893,107.476,0.5
428.125,105.9,0.5
429.356,104.324,0.5
430.588,102.748,0.5
431.82,101.172,0.5
433.051,99.596,0.5
434.283,98.021,0.5
435.514,96.445,0.5
436.746,94.869,0.5
437.977,93.293,0.5
439.209,91.717,0.5
440.44,90.141,0.5
441.672,88.565,0.5
442.903,86.989,0.5
444.135,85.414,0.5
445.366,83.838,0.5
446.598,82.262,0.5
447.829,80.686,0.5
449.061,79.11,0.5
450.292,77.534,0.5
451.53,75.963,0.5
452.767,74.392,0.5
454.005,72.821,0.5
455.243,71.25,0.5
456.48,69.679,0.5
457.718,68.108,0.5
458.956,66.537,0.5
460.194,64.966,0.5
461.431,63.395,0.5
462.669,61.824,0.5
463.907,60.253,0.5
465.144,58.682,0.5
466.382,57.111,0.5
467.62,55.54,0.5
468.857,53.969,0.5
470.095,52.398,0.5
471.333,50.827,0.5
472.57,49.256,0.5
473.808,47.685,0.5
817.652,65.733,0.55
815.652,65.703,0.55
813.653,65.672,0.55
811.653,65.642,0.55
809.653,65.612,0.55
807.658,65.488,0.55
805.665,65.32,0.55
803.672,65.152,0.55
801.679,64.984,0.55
799.686,64.816,0.55
797.693,64.648,0.55
795.72,64.322,0.55
793.749,63.987,0.55
791.777,63.653,0.55
789.805,63.318,0.55
787.833,62.984,0.55
785.861,62.649,0.55
783.889,62.314,0.55
781.918,61.976,0.55
779.948,61.633,0.55
777.977,61.291,0.55
776.007,60.948,0.55
774.037,60.606,0.55
772.066,60.263,0.55
770.1,59.899,0.55
768.172,59.369,0.55
766.244,58.838,0.55
764.315,58.307,0.55
762.387,57.777,0.55
760.459,57.246,0.55
758.53,56.716,0.55
756.602,56.185,0.55
754.674,55.654,0.55
752.745,55.124,0.55
750.811,54.619,0.55
748.858,54.185,0.55
746.906,53.752,0.55
744.953,53.319,0.55
743.001,52.885,0.55
741.048,52.452,0.55
739.096,52.019,0.55
737.143,51.585,0.55
735.191,51.152,0.55
733.238,50.719,0.55
731.286,50.286,0.55
729.333,49.852,0.55
727.381,49.419,0.55
725.428,48.986,0.55
723.476,48.552,0.55
721.523,48.119,0.55
719.571,47.686,0.55
717.618,47.252,0.55
715.658,46.855,0.55
713.696,46.469,0.55
711.734,46.083,0.55
709.771,45.697,0.55
707.809,45.312,0.55
705.846,44.926,0.55
703.884,44.54,0.55
701.921,44.154,0.55
699.959,43.77,0.55
697.995,43.392,0.55
696.031,43.014,0.55
694.067,42.637,0.55
692.103,42.259,0.55
690.139,41.881,0.55
688.175,41.503,0.55
686.211,41.125,0.55
684.247,40.747,0.55
682.283,40.369,0.55
680.319,39.991,0.55
678.355,39.614,0.55
676.378,39.312,0.55
674.399,39.019,0.55
672.421,38.727,0.55
670.442,38.434,0.55
668.464,38.141,0.55
666.486,37.848,0.55
664.507,37.555,0.55
662.529,37.262,0.55
660.55,36.97,0.55
658.572,36.677,0.55
656.593,36.384,0.55
654.615,36.089,0.55
652.64,35.776,0.55
650.664,35.464,0.55
648.689,35.151,0.55
646.713,34.839,0.55
644.738,34.526,0.55
642.763,34.214,0.55
640.787,33.902,0.55
638.812,33.589,0.55
636.836,33.277,0.55
634.882,32.866,0.55
632.956,32.328,0.55
631.03,31.789,0.55
629.104,31.251,0.55
627.177,30.713,0.55
625.251,30.174,0.55
623.325,29.636,0.55
621.399,29.098,0.55
554.065,73.449,0.5
555.942,72.757,0.5
557.845,72.145,0.5
559.76,71.569,0.5
561.675,70.992,0.5
563.59,70.415,0.5
565.511,69.858,0.5
567.459,69.408,0.5
569.408,68.957,0.5
571.356,68.506,0.5
573.307,68.064,0.5
575.258,67.624,0.5
577.209,67.184,0.5
579.16,66.743,0.5
581.111,66.306,0.5
583.066,65.881,0.5
585.02,65.455,0.5
586.974,65.029,0.5
588.931,64.619,0.5
590.902,64.277,0.5
592.872,63.935,0.5
594.843,63.592,0.5
596.813,63.252,0.5
598.797,62.993,0.5
600.78,62.735,0.5
602.763,62.476,0.5
604.746,62.218,0.5
606.73,61.959,0.5
608.714,61.715,0.5
610.701,61.484,0.5
612.688,61.253,0.5
614.674,61.022,0.5
616.661,60.791,0.5
618.648,60.561,0.5
620.635,60.334,0.5
622.629,60.186,0.5
624.624,60.037,0.5
626.618,59.889,0.5
628.613,59.741,0.5
630.608,59.604,0.5
632.604,59.473,0.5
634.599,59.343,0.5
636.595,59.212,0.5
638.591,59.081,0.5
640.587,58.95,0.5
642.582,58.819,0.5
644.578,58.688,0.5
646.574,58.557,0.5
648.57,58.433,0.5
650.569,58.377,0.5
652.568,58.321,0.5
654.567,58.265,0.5
656.567,58.308,0.5
658.566,58.361,0.5
660.565,58.414,0.5
662.565,58.438,0.5
664.565,58.439,0.5
666.565,58.439,0.5
668.565,58.439,0.5
670.565,58.44,0.5
672.564,58.476,0.5
674.562,58.562,0.5
676.56,58.649,0.5
678.558,58.736,0.5
680.555,58.842,0.5
682.55,58.992,0.5
684.544,59.142,0.5
686.539,59.292,0.5
688.533,59.442,0.5
690.527,59.592,0.5
692.522,59.742,0.5
694.515,59.902,0.5
696.504,60.112,0.5
698.493,60.321,0.5
700.482,60.531,0.5
702.471,60.741,0.5
704.459,60.96,0.5
706.444,61.2,0.5
708.43,61.441,0.5
710.415,61.681,0.5
712.401,61.922,0.5
714.383,62.187,0.5
716.359,62.493,0.5
718.336,62.799,0.5
720.312,63.106,0.5
722.289,63.412,0.5
724.264,63.723,0.5
726.235,64.065,0.5
728.205,64.406,0.5
730.176,64.748,0.5
732.147,65.089,0.5
734.117,65.431,0.5
736.075,65.84,0.5
738.031,66.258,0.5
739.987,66.675,0.5
741.943,67.092,0.5
743.899,67.51,0.5
745.855,67.927,0.5
747.811,68.344,0.5
749.765,68.771,0.5
751.716,69.209,0.5
753.668,69.647,0.5
755.619,70.085,0.5
757.571,70.522,0.5
759.502,71.042,0.5
761.433,71.563,0.5
763.364,72.084,0.5
765.293,72.61,0.5
767.223,73.136,0.5
769.152,73.663,0.5
771.082,74.189,0.5
773.011,74.715,0.5
774.929,75.281,0.5
776.842,75.865,0.5
778.755,76.449,0.5
780.668,77.033,0.5
782.575,77.634,0.5
784.461,78.3,0.5
786.347,78.966,0.5
788.233,79.632,0.5
790.12,80.293,0.5
792.01,80.949,0.5
793.899,81.605,0.5
795.788,82.262,0.5
797.678,82.918,0.5
799.567,83.574,0.5
801.449,84.25,0.5
803.312,84.978,0.5
805.174,85.706,0.5
807.037,86.435,0.5
808.873,87.226,0.5
810.69,88.061,0.5
812.508,88.895,0.5
814.325,89.73,0.5
816.143,90.564,0.5
817.92,91.475,0.5
819.633,92.507,0.5
821.324,93.575,0.5
822.975,94.703,0.5
824.602,95.864,0.5
826.129,97.155,0.5
827.657,98.446,0.5
829.144,99.778,0.5
830.466,101.278,0.5
831.789,102.778,0.5
832.852,104.468,0.5
833.872,106.188,0.5
834.491,108.062,0.5
834.884,110.023,0.5
835.148,112.005,0.5
834.957,113.986,0.5
834.242,115.839,0.5
833.229,117.554,0.5
832.082,119.192,0.5
830.506,120.37,0.5
828.79,121.398,0.5
827.063,122.402,0.5
825.185,123.09,0.5
823.307,123.777,0.5
821.357,124.201,0.5
819.391,124.568,0.5
817.425,124.936,0.5
815.443,125.186,0.5
813.45,125.352,0.5
811.457,125.518,0.5
809.464,125.683,0.5
807.471,125.849,0.5
805.474,125.968,0.5
803.476,126.051,0.5
801.478,126.134,0.5
799.48,126.217,0.5
797.481,126.299,0.5
795.483,126.382,0.5
793.485,126.465,0.5
791.486,126.548,0.5
789.488,126.631,0.5
787.49,126.709,0.5
785.491,126.776,0.5
783.492,126.843,0.5
781.493,126.91,0.5
779.494,126.977,0.5
777.495,127.044,0.5
775.496,127.107,0.5
773.497,127.087,0.5
771.497,127.067,0.5
769.497,127.047,0.5
767.497,127.028,0.5
765.497,127.008,0.5
763.497,126.988,0.5
761.497,126.968,0.5
759.497,126.948,0.5
757.498,126.918,0.5
755.5,126.824,0.5
753.502,126.729,0.5
751.504,126.635,0.5
749.507,126.54,0.5
747.509,126.445,0.5
745.511,126.351,0.5
743.513,126.26,0.5
741.515,126.17,0.5
739.517,126.08,0.5
737.519,125.99,0.5
735.521,125.9,0.5
733.524,125.805,0.5
731.538,125.567,0.5
729.552,125.329,0.5
727.566,125.09,0.5
725.581,124.852,0.5
723.595,124.614,0.5
721.609,124.376,0.5
719.623,124.138,0.5
717.629,123.982,0.5
715.635,123.826,0.5
713.641,123.671,0.5
711.647,123.516,0.5
709.654,123.36,0.5
707.66,123.205,0.5
705.666,123.05,0.5
703.672,122.895,0.5
701.678,122.74,0.5
699.684,122.585,0.5
697.69,122.431,0.5
695.696,122.276,0.5
693.702,122.121,0.5
691.708,121.966,0.5
689.714,121.812,0.5
687.72,121.657,0.5
685.725,121.509,0.5
683.725,121.481,0.5
681.726,121.453,0.5
679.726,121.425,0.5
677.726,121.397,0.5
675.726,121.369,0.5
673.726,121.341,0.5
671.727,121.316,0.5
669.727,121.293,0.5
667.727,121.27,0.5
665.727,121.247,0.5
663.727,121.224,0.5
661.727,121.201,0.5
659.727,121.178,0.5
657.728,121.155,0.5
655.731,121.249,0.5
653.735,121.375,0.5
651.739,121.5,0.5
649.742,121.625,0.5
647.746,121.751,0.5
645.75,121.87,0.5
643.751,121.937,0.5
641.752,122.004,0.5
639.753,122.07,0.5
637.754,122.137,0.5
635.756,122.204,0.5
633.757,122.27,0.5
631.758,122.337,0.5
629.76,122.417,0.5
627.765,122.564,0.5
625.77,122.711,0.5
623.776,122.858,0.5
621.78,122.993,0.5
619.784,123.118,0.5
617.788,123.243,0.5
615.792,123.368,0.5
613.796,123.496,0.5
611.8,123.624,0.5
609.804,123.752,0.5
607.809,123.879,0.5
605.813,124.007,0.5
603.817,124.135,0.5
601.821,124.263,0.5
599.824,124.364,0.5
597.824,124.41,0.5
595.825,124.456,0.5
593.825,124.503,0.5
591.826,124.549,0.5
589.827,124.567,0.5
587.829,124.48,0.5
585.83,124.393,0.5
583.832,124.307,0.5
581.834,124.22,0.5
579.836,124.133,0.5
577.838,124.04,0.5
575.849,123.836,0.5
573.859,123.633,0.5
571.87,123.429,0.5
569.88,123.225,0.5
567.89,123.022,0.5
565.901,122.818,0.5
563.917,122.571,0.5
561.936,122.291,0.5
559.956,122.01,0.5
557.976,121.73,0.5
556.036,121.272,0.5
554.133,120.657,0.5
552.23,120.042,0.5
550.341,119.388,0.5
548.478,118.66,0.5
546.616,117.932,0.5
544.811,117.085,0.5
543.094,116.059,0.5
541.377,115.034,0.5
539.772,113.863,0.5
538.349,112.458,0.5
536.925,111.053,0.5
535.513,109.639,0.5
534.383,107.989,0.5
533.253,106.339,0.5
532.906,104.372,0.5
532.571,102.4,0.5
532.236,100.428,0.5
532.082,98.458,0.5
532.443,96.491,0.5
532.899,94.546,0.5
533.471,92.63,0.5
534.146,90.753,0.5
534.997,88.943,0.5
535.89,87.156,0.5
536.95,85.46,0.5
538.011,83.764,0.5
539.23,82.199,0.5
540.692,80.835,0.5
542.155,79.471,0.5
543.876,78.456,0.5
545.609,77.459,0.5
547.343,76.462,0.5
549.108,75.527,0.5
550.941,74.726,0.5
271.659,569.972,0.55
270.283,568.521,0.55
268.906,567.07,0.55
267.518,565.63,0.55
266.131,564.19,0.55
264.743,562.75,0.55
263.355,561.31,0.55
261.967,559.869,0.55
260.579,558.429,0.55
259.191,556.989,0.55
257.804,555.549,0.55
256.366,554.162,0.55
254.843,552.866,0.55
253.32,551.57,0.55
251.796,550.274,0.55
250.273,548.977,0.55
248.75,547.681,0.55
247.227,546.385,0.55
245.704,545.089,0.55
244.1,543.899,0.55
242.44,542.783,0.55
240.781,541.667,0.55
239.121,540.551,0.55
237.461,539.435,0.55
235.801,538.32,0.55
234.142,537.204,0.55
232.482,536.088,0.55
230.822,534.972,0.55
229.162,533.856,0.55
227.464,532.801,0.55
225.74,531.787,0.55
224.017,530.773,0.55
222.293,529.758,0.55
220.569,528.744,0.55
218.846,527.73,0.55
217.122,526.715,0.55
215.398,525.701,0.55
213.674,524.687,0.55
211.951,523.672,0.55
210.359,522.463,0.55
208.776,521.241,0.55
207.332,519.881,0.55
206.394,518.146,0.55
206.274,516.205,0.55
206.456,514.216,0.55
207.717,512.767,0.55
209.412,511.826,0.55
211.355,511.352,0.55
213.298,510.877,0.55
215.24,510.402,0.55
217.183,509.926,0.55
219.182,509.919,0.55
221.182,509.919,0.55
223.182,509.919,0.55
225.182,509.919,0.55
227.182,509.919,0.55
229.182,509.919,0.55
231.182,509.919,0.55
233.182,509.889,0.55
235.182,509.855,0.55
237.181,509.82,0.55
239.181,509.785,0.55
241.181,509.75,0.55
243.181,509.718,0.55
245.18,509.688,0.55
247.18,509.659,0.55
249.164,509.475,0.55
251.126,509.09,0.55
253.089,508.705,0.55
255.063,508.392,0.55
257.048,508.15,0.55
259.034,507.908,0.55
261.019,507.666,0.55
262.983,507.298,0.55
264.937,506.871,0.55
266.89,506.444,0.55
268.844,506.017,0.55
270.785,505.547,0.55
272.644,504.808,0.55
274.502,504.068,0.55
276.36,503.329,0.55
278.218,502.589,0.55
280.076,501.849,0.55
281.906,501.05,0.55
283.652,500.075,0.55
285.399,499.1,0.55
287.145,498.125,0.55
288.862,497.1,0.55
290.552,496.031,0.55
292.242,494.962,0.55
293.933,493.893,0.55
295.571,492.757,0.55
297.011,491.37,0.55
298.451,489.982,0.55
299.891,488.594,0.55
301.249,487.129,0.55
302.554,485.613,0.55
303.859,484.098,0.55
305.164,482.582,0.55
306.347,480.975,0.55
307.432,479.295,0.55
308.517,477.615,0.55
309.603,475.935,0.55
310.681,474.251,0.55
311.735,472.551,0.55
312.788,470.851,0.55
313.841,469.151,0.55
314.894,467.45,0.55
315.948,465.75,0.55
316.898,463.994,0.55
317.744,462.182,0.55
318.589,460.369,0.55
319.435,458.557,0.55
320.281,456.745,0.55
321.126,454.932,0.55
321.972,453.12,0.55
322.715,451.267,0.55
323.348,449.369,0.55
323.981,447.472,0.55
324.614,445.575,0.55
325.247,443.678,0.55
325.88,441.78,0.55
326.512,439.883,0.55
327.145,437.986,0.55
327.655,436.057,0.55
328.007,434.088,0.55
328.358,432.12,0.55
328.71,430.151,0.55
329.061,428.182,0.55
329.409,426.212,0.55
329.738,424.24,0.55
330.067,422.267,0.55
330.396,420.294,0.55
330.674,418.316,0.55
330.772,416.318,0.55
330.87,414.321,0.55
330.968,412.323,0.55
331.066,410.326,0.55
331.108,408.327,0.55
331.092,406.327,0.55
331.077,404.327,0.55
331.061,402.327,0.55
331.046,400.327,0.55
331.03,398.327,0.55
330.959,396.329,0.55
330.858,394.331,0.55
330.756,392.334,0.55
330.655,390.336,0.55
330.201,388.389,0.55
329.744,386.442,0.55
329.286,384.495,0.55
328.768,382.57,0.55
327.885,380.775,0.55
327.002,378.981,0.55
326.119,377.186,0.55
325.236,375.392,0.55
324.461,373.548,0.55
323.691,371.702,0.55
322.921,369.856,0.55
322.152,368.01,0.55
321.381,366.165,0.55
320.61,364.319,0.55
319.839,362.474,0.55
319.068,360.628,0.55
318.298,358.783,0.55
317.527,356.937,0.55
317.131,354.978,0.55
316.743,353.016,0.55
316.356,351.054,0.55
315.969,349.092,0.55
315.581,347.129,0.55
315.424,345.141,0.55
315.355,343.142,0.55
315.286,341.143,0.55
315.218,339.144,0.55
315.149,337.145,0.55
315.201,335.153,0.55
315.472,333.171,0.55
315.743,331.19,0.55
316.014,329.208,0.55
316.285,327.227,0.55
316.557,325.245,0.55
317.023,323.302,0.55
317.513,321.362,0.55
318.002,319.423,0.55
318.491,317.484,0.55
319.19,315.611,0.55
319.908,313.744,0.55
320.625,311.877,0.55
321.342,310.01,0.55
322.06,308.143,0.55
322.84,306.304,0.55
323.729,304.513,0.55
324.618,302.721,0.55
325.506,300.929,0.55
326.395,299.138,0.55
327.284,297.346,0.55
328.245,295.595,0.55
329.301,293.896,0.55
330.357,292.198,0.55
331.413,290.499,0.55
332.469,288.801,0.55
333.525,287.102,0.55
334.582,285.404,0.55
335.638,283.705,0.55
336.694,282.007,0.55
337.798,280.34,0.55
338.919,278.683,0.55
340.039,277.027,0.55
341.16,275.37,0.55
342.28,273.713,0.55
343.401,272.057,0.55
344.647,270.495,0.55
345.941,268.971,0.55
347.236,267.447,0.55
348.531,265.922,0.55
349.826,264.398,0.55
351.124,262.877,0.55
352.427,261.359,0.55
353.729,259.841,0.55
355.031,258.323,0.55
356.333,256.805,0.55
357.635,255.287,0.55
358.946,253.777,0.55
360.338,252.341,0.55
361.73,250.905,0.55
363.122,249.468,0.55
364.519,248.037,0.55
366.025,246.722,0.55
367.532,245.407,0.55
369.039,244.092,0.55
370.546,242.777,0.55
372.053,241.462,0.55
373.56,240.147,0.55
375.067,238.832,0.55
376.573,237.517,0.55
378.08,236.202,0.55
379.587,234.887,0.55
381.094,233.572,0.55
382.601,232.257,0.55
384.108,230.941,0.55
385.615,229.626,0.55
387.14,228.333,0.55
388.703,227.087,0.55
390.267,225.84,0.55
391.831,224.593,0.55
393.395,223.346,0.55
394.959,222.099,0.55
396.522,220.852,0.55
398.086,219.606,0.55
399.65,218.359,0.55
401.214,217.112,0.55
402.791,215.882,0.55
404.399,214.693,0.55
406.007,213.504,0.55
407.615,212.314,0.55
409.223,211.125,0.55
410.845,209.957,0.55
412.519,208.863,0.55
414.194,207.769,0.55
415.868,206.675,0.55
417.542,205.581,0.55
419.228,204.504,0.55
420.914,203.429,0.55
422.6,202.354,0.55
424.287,201.278,0.55
425.973,200.203,0.55
427.657,199.124,0.55
429.323,198.017,0.55
430.989,196.911,0.55
432.655,195.804,0.55
434.321,194.697,0.55
436.003,193.618,0.55
437.767,192.676,0.55
439.532,191.735,0.55
441.296,190.793,0.55
443.061,189.851,0.55
444.791,188.848,0.55
446.512,187.831,0.55
448.234,186.813,0.55
449.956,185.795,0.55
451.677,184.777,0.55
453.421,183.799,0.55
455.176,182.838,0.55
456.93,181.877,0.55
458.684,180.917,0.55
460.44,179.96,0.55
462.25,179.109,0.55
464.059,178.257,0.55
465.869,177.405,0.55
467.679,176.553,0.55
469.488,175.702,0.55
471.298,174.85,0.55
473.107,173.998,0.55
474.945,173.209,0.55
476.786,172.429,0.55
478.628,171.648,0.55
480.469,170.868,0.55
482.307,170.078,0.55
484.131,169.258,0.55
485.955,168.438,0.55
487.779,167.618,0.55
489.604,166.799,0.55
491.464,166.074,0.55
493.365,165.449,0.55
495.265,164.825,0.55
497.165,164.2,0.55
499.065,163.576,0.55
500.965,162.951,0.55
502.865,162.327,0.55
504.765,161.705,0.55
506.666,161.082,0.55
508.566,160.459,0.55
510.467,159.836,0.55
512.368,159.213,0.55
514.268,158.59,0.55
516.195,158.054,0.55
518.125,157.531,0.55
520.055,157.008,0.55
521.986,156.484,0.55
523.916,155.961,0.55
525.846,155.438,0.55
527.792,154.984,0.55
529.757,154.61,0.55
531.722,154.236,0.55
533.687,153.862,0.55
535.651,153.488,0.55
537.619,153.132,0.55
539.59,152.792,0.55
541.561,152.452,0.55
543.532,152.112,0.55
545.526,151.977,0.55
547.523,151.873,0.55
549.52,151.769,0.55
551.518,151.664,0.55
553.515,151.56,0.55
555.512,151.456,0.55
557.51,151.352,0.55
559.507,151.247,0.55
561.506,151.225,0.55
563.506,151.252,0.55
565.505,151.279,0.55
567.505,151.306,0.55
569.505,151.333,0.55
571.486,151.581,0.55
573.46,151.9,0.55
575.434,152.219,0.55
577.36,152.72,0.55
579.227,153.435,0.55
581.095,154.151,0.55
582.907,154.996,0.55
584.712,155.857,0.55
586.499,156.754,0.55
588.253,157.714,0.55
590.008,158.674,0.55
591.771,159.619,0.55
593.564,160.504,0.55
595.357,161.39,0.55
597.145,162.283,0.55
598.636,163.617,0.55
600.127,164.95,0.55
601.638,166.259,0.55
603.168,167.548,0.55
604.697,168.836,0.55
606.226,170.125,0.55
607.838,171.31,0.55
609.452,172.491,0.55
611.066,173.672,0.55
612.655,174.886,0.55
614.215,176.137,0.55
615.775,177.388,0.55
617.336,178.639,0.55
618.896,179.89,0.55
620.457,181.141,0.55
622.017,182.392,0.55
623.658,183.534,0.55
625.31,184.662,0.55
626.961,185.791,0.55
628.612,186.919,0.55
630.264,188.048,0.55
631.952,189.118,0.55
633.681,190.122,0.55
635.411,191.127,0.55
637.14,192.131,0.55
638.869,193.136,0.55
640.638,194.064,0.55
642.462,194.884,0.55
644.287,195.703,0.55
646.111,196.523,0.55
647.935,197.343,0.55
649.778,198.121,0.55
651.626,198.885,0.55
653.474,199.65,0.55
655.322,200.415,0.55
657.175,201.164,0.55
659.075,201.789,0.55
660.975,202.414,0.55
662.875,203.039,0.55
664.775,203.663,0.55
666.675,204.288,0.55
668.575,204.913,0.55
670.475,205.537,0.55
672.391,206.106,0.55
674.327,206.608,0.55
676.263,207.109,0.55
678.199,207.611,0.55
680.135,208.113,0.55
682.072,208.614,0.55
684.008,209.116,0.55
685.953,209.58,0.55
687.899,210.041,0.55
689.845,210.502,0.55
691.791,210.963,0.55
693.737,211.424,0.55
695.684,211.885,0.55
697.639,212.301,0.55
699.609,212.649,0.55
701.578,212.996,0.55
703.548,213.343,0.55
705.518,213.691,0.55
707.494,213.994,0.55
709.476,214.259,0.55
711.459,214.524,0.55
713.441,214.788,0.55
715.423,215.053,0.55
717.406,215.318,0.55
719.388,215.583,0.55
100.228,492.897,0.5
102.228,492.91,0.5
104.228,492.922,0.5
106.228,492.935,0.5
108.228,492.947,0.5
110.228,492.96,0.5
112.228,492.972,0.5
114.228,492.984,0.5
116.228,492.997,0.5
118.228,493.009,0.5
120.228,493.022,0.5
122.228,493.034,0.5
124.228,493.047,0.5
126.227,493.059,0.5
128.227,493.072,0.5
130.227,493.084,0.5
132.227,493.097,0.5
134.227,493.109,0.5
136.226,493.16,0.5
138.224,493.255,0.5
140.222,493.351,0.5
142.219,493.446,0.5
144.217,493.541,0.5
146.215,493.637,0.5
148.213,493.732,0.5
150.21,493.828,0.5
152.208,493.923,0.5
154.206,494.018,0.5
156.203,494.114,0.5
158.201,494.209,0.5
160.199,494.305,0.5
162.197,494.4,0.5
164.194,494.495,0.5
166.192,494.591,0.5
168.19,494.685,0.5
170.188,494.779,0.5
172.185,494.874,0.5
174.183,494.968,0.5
176.181,495.062,0.5
178.179,495.156,0.5
180.177,495.25,0.5
182.174,495.344,0.5
184.172,495.439,0.5
186.17,495.533,0.5
188.168,495.627,0.5
190.165,495.721,0.5
192.163,495.815,0.5
194.161,495.91,0.5
196.159,496.004,0.5
198.157,496.098,0.5
200.154,496.192,0.5
202.154,496.195,0.5
204.154,496.195,0.5
206.154,496.195,0.5
208.154,496.195,0.5
210.154,496.195,0.5
212.154,496.195,0.5
214.154,496.195,0.5
216.154,496.195,0.5
218.154,496.195,0.5
220.154,496.195,0.5
222.154,496.195,0.5
224.154,496.195,0.5
226.154,496.195,0.5
228.154,496.195,0.5
230.152,496.163,0.5
232.134,495.895,0.5
234.116,495.627,0.5
236.098,495.359,0.5
238.08,495.091,0.5
240.062,494.823,0.5
242.044,494.555,0.5
244.026,494.287,0.5
246.003,493.989,0.5
247.974,493.651,0.5
249.946,493.313,0.5
251.917,492.975,0.5
253.888,492.637,0.5
255.859,492.299,0.5
257.831,491.961,0.5
259.802,491.623,0.5
261.748,491.173,0.5
263.681,490.658,0.5
265.614,490.143,0.5
267.546,489.628,0.5
269.479,489.113,0.5
271.411,488.598,0.5
273.344,488.083,0.5
275.217,487.403,0.5
277.034,486.566,0.5
278.85,485.73,0.5
280.667,484.893,0.5
282.484,484.057,0.5
284.251,483.135,0.5
285.889,481.986,0.5
287.526,480.838,0.5
289.164,479.69,0.5
290.706,478.437,0.5
292.008,476.919,0.5
293.31,475.401,0.5
294.573,473.855,0.5
295.526,472.097,0.5
296.479,470.339,0.5
297.432,468.58,0.5
298.343,466.8,0.5
299.253,465.019,0.5
300.163,463.238,0.5
300.642,461.298,0.5
301.104,459.352,0.5
301.567,457.406,0.5
302.029,455.461,0.5
302.39,453.501,0.5
302.452,451.502,0.5
302.514,449.503,0.5
302.576,447.504,0.5
302.638,445.505,0.5
302.7,443.506,0.5
302.496,441.525,0.5
302.167,439.552,0.5
301.838,437.579,0.5
301.509,435.607,0.5
301.18,433.634,0.5
300.658,431.716,0.5
299.903,429.864,0.5
299.148,428.012,0.5
298.393,426.16,0.5
297.638,424.308,0.5
296.617,422.624,0.5
295.263,421.152,0.5
293.909,419.68,0.5
292.556,418.208,0.5
291.202,416.736,0.5
289.848,415.264,0.5
288.348,413.949,0.5
286.781,412.706,0.5
285.214,411.463,0.5
283.647,410.22,0.5
282.056,409.02,0.5
280.179,408.33,0.5
278.302,407.64,0.5
276.425,406.95,0.5
274.548,406.26,0.5
272.67,405.57,0.5
270.755,405,0.5
268.827,404.467,0.5
266.899,403.934,0.5
264.971,403.401,0.5
263.044,402.869,0.5
261.105,402.394,0.5
259.115,402.196,0.5
257.125,401.999,0.5
255.135,401.802,0.5
253.144,401.604,0.5
251.154,401.407,0.5
249.164,401.209,0.5
247.174,401.012,0.5
245.183,400.815,0.5
243.193,400.619,0.5
241.202,400.424,0.5
239.212,400.229,0.5
237.222,400.033,0.5
235.231,399.838,0.5
233.241,399.643,0.5
231.245,399.571,0.5
229.245,399.586,0.5
227.245,399.602,0.5
225.245,399.617,0.5
223.245,399.633,0.5
221.245,399.648,0.5
219.245,399.664,0.5
217.249,399.728,0.5
215.268,400.003,0.5
213.287,400.278,0.5
211.306,400.552,0.5
209.324,400.827,0.5
207.343,401.101,0.5
205.362,401.376,0.5
203.381,401.65,0.5
201.406,401.958,0.5
199.446,402.358,0.5
197.487,402.759,0.5
195.527,403.159,0.5
193.568,403.56,0.5
191.608,403.96,0.5
189.649,404.36,0.5
187.689,404.761,0.5
185.73,405.161,0.5
183.782,405.601,0.5
181.912,406.311,0.5
180.042,407.02,0.5
178.172,407.73,0.5
176.302,408.44,0.5
174.432,409.149,0.5
172.563,409.859,0.5
170.693,410.569,0.5
168.826,411.286,0.5
166.969,412.028,0.5
165.111,412.77,0.5
163.254,413.513,0.5
161.397,414.255,0.5
159.54,414.997,0.5
157.683,415.739,0.5
155.826,416.482,0.5
153.969,417.224,0.5
152.111,417.966,0.5
150.263,418.73,0.5
148.433,419.536,0.5
146.602,420.341,0.5
144.771,421.146,0.5
142.941,421.952,0.5
141.11,422.757,0.5
139.279,423.563,0.5
137.449,424.368,0.5
135.618,425.174,0.5
133.822,426.054,0.5
132.029,426.938,0.5
130.235,427.823,0.5
128.441,428.707,0.5
126.647,429.592,0.5
124.853,430.476,0.5
123.06,431.361,0.5
121.266,432.245,0.5
119.472,433.13,0.5
117.689,434.035,0.5
115.942,435.009,0.5
114.195,435.983,0.5
112.448,436.956,0.5
110.702,437.93,0.5
108.955,438.904,0.5
330.74,465.456,0.6
329.133,466.636,0.6
327.563,467.875,0.6
326.28,469.348,0.6
325.385,471.136,0.6
324.612,472.963,0.6
324.323,474.942,0.6
324.034,476.921,0.6
323.894,478.915,0.6
323.793,480.912,0.6
323.691,482.91,0.6
323.399,484.886,0.6
323.07,486.859,0.6
322.741,488.832,0.6
322.412,490.805,0.6
322.028,492.766,0.6
321.517,494.699,0.6
321.006,496.633,0.6
320.496,498.567,0.6
319.898,500.474,0.6
319.243,502.364,0.6
318.588,504.253,0.6
317.934,506.143,0.6
317.279,508.033,0.6
316.477,509.86,0.6
315.572,511.644,0.6
314.667,513.427,0.6
313.762,515.211,0.6
312.831,516.981,0.6
311.886,518.743,0.6
310.94,520.506,0.6
309.994,522.268,0.6
308.876,523.922,0.6
307.697,525.537,0.6
306.517,527.152,0.6
305.338,528.767,0.6
304.158,530.382,0.6
302.922,531.954,0.6
301.658,533.504,0.6
300.394,535.054,0.6
299.13,536.604,0.6
297.866,538.154,0.6
296.61,539.71,0.6
295.362,541.273,0.6
294.115,542.836,0.6
292.867,544.4,0.6
291.753,546.06,0.6
290.643,547.724,0.6
289.533,549.387,0.6
288.827,551.218,0.6
288.441,553.18,0.6
288.055,555.143,0.6
287.67,557.105,0.6
287.651,559.103,0.6
287.651,561.103,0.6
287.817,563.09,0.6
288.138,565.064,0.6
288.521,567.025,0.6
289.016,568.963,0.6
289.511,570.901,0.6
290.441,572.667,0.6
291.445,574.382,0.6
293.069,575.55,0.6
294.692,576.718,0.6
296.317,577.884,0.6
298.141,578.703,0.6
299.966,579.521,0.6
301.791,580.339,0.6
303.616,581.158,0.6
305.47,581.906,0.6
307.334,582.632,0.6
309.198,583.358,0.6
311.125,583.854,0.6
313.096,584.197,0.6
315.066,584.541,0.6
317.036,584.884,0.6
319.014,585.145,0.6
321.014,585.17,0.6
323.014,585.195,0.6
325.014,585.22,0.6
327.01,585.177,0.6
328.998,584.959,0.6
330.986,584.741,0.6
332.974,584.522,0.6
334.963,584.304,0.6
336.916,583.893,0.6
338.856,583.408,0.6
340.797,582.923,0.6
342.737,582.439,0.6
344.678,581.954,0.6
346.567,581.303,0.6
348.443,580.611,0.6
350.32,579.92,0.6
352.196,579.228,0.6
354.073,578.536,0.6
355.884,577.706,0.6
357.611,576.697,0.6
359.338,575.689,0.6
361.065,574.68,0.6
362.792,573.672,0.6
364.448,572.55,0.6
366.104,571.428,0.6
367.76,570.307,0.6
369.416,569.185,0.6
371.072,568.064,0.6
372.647,566.836,0.6
374.166,565.535,0.6
375.685,564.234,0.6
377.204,562.933,0.6
378.723,561.632,0.6
380.242,560.331,0.6
381.649,558.915,0.6
382.991,557.432,0.6
384.334,555.95,0.6
385.676,554.467,0.6
386.995,552.964,0.6
388.245,551.403,0.6
389.495,549.842,0.6
390.745,548.28,0.6
391.995,546.719,0.6
392.888,544.942,0.6
393.691,543.11,0.6
394.458,541.265,0.6
395.076,539.363,0.6
395.695,537.461,0.6
396.314,535.559,0.6
396.93,533.657,0.6
397.239,531.681,0.6
397.548,529.705,0.6
397.857,527.729,0.6
397.582,525.771,0.6
397.15,523.818,0.6
396.718,521.865,0.6
396.286,519.913,0.6
395.854,517.96,0.6
395.274,516.048,0.6
394.635,514.153,0.6
393.996,512.258,0.6
393.357,510.363,0.6
392.719,508.467,0.6
391.881,506.656,0.6
390.97,504.875,0.6
390.06,503.095,0.6
389.149,501.314,0.6
388.239,499.533,0.6
387.271,497.784,0.6
386.264,496.056,0.6
385.257,494.328,0.6
384.25,492.6,0.6
383.242,490.872,0.6
382.159,489.195,0.6
380.941,487.609,0.6
379.724,486.022,0.6
378.506,484.436,0.6
377.288,482.849,0.6
375.898,481.416,0.6
374.462,480.024,0.6
373.026,478.632,0.6
371.59,477.24,0.6
370.115,475.894,0.6
368.499,474.716,0.6
366.882,473.538,0.6
365.266,472.36,0.6
363.65,471.182,0.6
362.034,470.004,0.6
360.351,468.923,0.6
358.667,467.844,0.6
356.983,466.765,0.6
355.299,465.686,0.6
353.616,464.607,0.6
351.8,463.82,0.6
349.875,463.279,0.6
347.95,462.738,0.6
346.01,462.264,0.6
344.027,462.01,0.6
342.048,461.931,0.6
340.083,462.302,0.6
338.117,462.672,0.6
336.204,463.233,0.6
334.327,463.922,0.6
409.373,547.801,0.55
411.271,547.216,0.55
413.243,546.907,0.55
415.243,546.907,0.55
417.243,546.907,0.55
419.242,546.949,0.55
421.223,547.158,0.55
423.166,547.631,0.55
425.028,548.316,0.55
426.842,549.154,0.55
428.685,549.93,0.55
430.239,551.119,0.55
431.599,552.586,0.55
432.577,554.315,0.55
433.457,556.111,0.55
434.228,557.944,0.55
434.634,559.902,0.55
435.039,561.861,0.55
435.294,563.832,0.55
435.232,565.832,0.55
435.17,567.831,0.55
435.035,569.817,0.55
434.428,571.723,0.55
433.821,573.628,0.55
433.214,575.534,0.55
432.221,577.251,0.55
431.091,578.901,0.55
429.961,580.551,0.55
428.831,582.202,0.55
427.697,583.849,0.55
426.551,585.488,0.55
425.405,587.127,0.55
424.259,588.767,0.55
423.113,590.406,0.55
421.778,591.891,0.55
420.41,593.35,0.55
419.043,594.81,0.55
417.457,596.007,0.55
415.776,597.092,0.55
414.096,598.176,0.55
412.189,598.75,0.55
410.257,599.265,0.55
408.324,599.78,0.55
406.335,599.885,0.55
404.335,599.917,0.55
402.335,599.95,0.55
400.429,599.413,0.55
398.545,598.741,0.55
396.662,598.069,0.55
395.037,596.918,0.55
393.444,595.709,0.55
391.851,594.499,0.55
391.053,592.727,0.55
390.442,590.823,0.55
389.862,588.912,0.55
389.641,586.924,0.55
389.42,584.937,0.55
389.199,582.949,0.55
388.978,580.961,0.55
388.843,578.973,0.55
389.058,576.985,0.55
389.274,574.996,0.55
389.49,573.008,0.55
389.756,571.032,0.55
390.456,569.158,0.55
391.156,567.285,0.55
391.856,565.411,0.55
392.557,563.538,0.55
393.5,561.781,0.55
394.52,560.061,0.55
395.54,558.34,0.55
396.78,556.782,0.55
398.123,555.301,0.55
399.466,553.819,0.55
400.879,552.423,0.55
402.618,551.436,0.55
404.358,550.45,0.55
406.098,549.463,0.55
438.577,220.986,0.6
440.118,219.712,0.6
441.659,218.437,0.6
443.2,217.162,0.6
444.741,215.887,0.6
446.282,214.612,0.6
447.822,213.337,0.6
449.363,212.062,0.6
450.93,210.819,0.6
452.532,209.622,0.6
454.135,208.425,0.6
455.737,207.229,0.6
457.339,206.032,0.6
458.942,204.835,0.6
460.544,203.638,0.6
462.146,202.441,0.6
463.749,201.245,0.6
465.351,200.048,0.6
466.954,198.851,0.6
468.573,197.68,0.6
470.281,196.638,0.6
471.989,195.597,0.6
473.696,194.556,0.6
475.404,193.515,0.6
477.111,192.474,0.6
478.819,191.433,0.6
480.527,190.392,0.6
482.258,189.393,0.6
484.047,188.499,0.6
485.836,187.605,0.6
487.625,186.711,0.6
489.414,185.817,0.6
491.203,184.923,0.6
492.992,184.029,0.6
494.871,183.347,0.6
496.758,182.685,0.6
498.646,182.023,0.6
500.533,181.361,0.6
502.42,180.699,0.6
504.307,180.036,0.6
506.194,179.374,0.6
508.082,178.712,0.6
509.97,178.053,0.6
511.86,177.4,0.6
513.751,176.747,0.6
515.641,176.094,0.6
517.531,175.44,0.6
519.423,174.791,0.6
521.337,174.211,0.6
523.251,173.632,0.6
525.165,173.052,0.6
527.085,172.494,0.6
529.045,172.099,0.6
531.006,171.704,0.6
532.967,171.308,0.6
534.927,170.913,0.6
536.914,170.698,0.6
538.905,170.504,0.6
540.896,170.31,0.6
542.886,170.117,0.6
544.877,169.923,0.6
546.868,169.734,0.6
548.862,169.881,0.6
550.857,170.028,0.6
552.851,170.175,0.6
554.809,170.509,0.6
556.71,171.131,0.6
558.608,171.762,0.6
560.492,172.432,0.6
562.376,173.103,0.6
564.199,173.923,0.6
566.007,174.777,0.6
567.802,175.659,0.6
569.583,176.569,0.6
571.264,177.644,0.6
572.895,178.801,0.6
574.526,179.959,0.6
576.11,181.177,0.6
577.638,182.467,0.6
579.166,183.757,0.6
580.695,185.048,0.6
582.052,186.504,0.6
583.306,188.063,0.6
584.559,189.621,0.6
585.719,191.25,0.6
586.868,192.887,0.6
588.017,194.524,0.6
589.066,196.218,0.6
589.897,198.037,0.6
590.728,199.856,0.6
591.56,201.676,0.6
592.247,203.547,0.6
592.772,205.477,0.6
593.298,207.406,0.6
593.823,209.336,0.6
594.289,211.28,0.6
594.708,213.236,0.6
595.128,215.191,0.6
595.547,217.147,0.6
595.889,219.112,0.6
595.947,221.111,0.6
596.004,223.11,0.6
595.976,225.109,0.6
595.886,227.107,0.6
595.797,229.105,0.6
595.707,231.103,0.6
595.618,233.101,0.6
595.454,235.092,0.6
595.213,237.078,0.6
594.971,239.063,0.6
594.539,241.011,0.6
594.006,242.938,0.6
593.473,244.866,0.6
592.9,246.782,0.6
592.306,248.692,0.6
591.713,250.602,0.6
590.895,252.42,0.6
589.985,254.202,0.6
589.075,255.983,0.6
588.166,257.764,0.6
587.247,259.54,0.6
586.323,261.314,0.6
585.4,263.088,0.6
584.476,264.862,0.6
583.404,266.537,0.6
582.127,268.077,0.6
580.85,269.616,0.6
579.574,271.156,0.6
578.296,272.695,0.6
577.019,274.234,0.6
575.741,275.772,0.6
574.464,277.311,0.6
573.17,278.836,0.6
571.831,280.322,0.6
570.492,281.807,0.6
569.153,283.293,0.6
567.814,284.778,0.6
566.475,286.264,0.6
565.122,287.737,0.6
563.754,289.195,0.6
562.385,290.654,0.6
561.017,292.112,0.6
559.648,293.571,0.6
558.28,295.03,0.6
556.759,296.316,0.6
555.149,297.504,0.6
553.54,298.691,0.6
551.93,299.878,0.6
550.321,301.065,0.6
548.711,302.252,0.6
547.102,303.439,0.6
545.492,304.627,0.6
543.882,305.814,0.6
542.259,306.981,0.6
540.627,308.138,0.6
538.996,309.295,0.6
537.364,310.451,0.6
535.732,311.608,0.6
534.101,312.765,0.6
532.469,313.922,0.6
530.838,315.078,0.6
529.206,316.235,0.6
527.575,317.392,0.6
525.956,318.566,0.6
524.338,319.742,0.6
522.721,320.919,0.6
521.104,322.096,0.6
519.486,323.272,0.6
517.869,324.449,0.6
516.252,325.625,0.6
514.635,326.802,0.6
513.017,327.979,0.6
511.4,329.155,0.6
509.783,330.332,0.6
508.165,331.509,0.6
506.548,332.685,0.6
504.931,333.862,0.6
503.322,335.049,0.6
501.714,336.238,0.6
500.105,337.428,0.6
498.497,338.617,0.6
496.889,339.806,0.6
495.281,340.995,0.6
493.609,342.09,0.6
491.916,343.154,0.6
490.222,344.219,0.6
488.529,345.283,0.6
486.835,346.347,0.6
485.142,347.411,0.6
483.449,348.475,0.6
481.755,349.539,0.6
480.062,350.603,0.6
478.368,351.667,0.6
476.675,352.732,0.6
474.982,353.796,0.6
473.288,354.86,0.6
471.623,355.967,0.6
469.971,357.095,0.6
468.319,358.222,0.6
466.667,359.349,0.6
465.015,360.476,0.6
463.363,361.604,0.6
461.699,362.713,0.6
460.012,363.787,0.6
458.325,364.861,0.6
456.637,365.935,0.6
454.95,367.008,0.6
453.263,368.082,0.6
451.575,369.156,0.6
449.888,370.23,0.6
448.201,371.303,0.6
446.482,372.325,0.6
444.754,373.332,0.6
443.025,374.338,0.6
441.297,375.345,0.6
439.568,376.351,0.6
437.84,377.357,0.6
436.053,378.251,0.6
434.236,379.087,0.6
432.419,379.922,0.6
430.602,380.758,0.6
428.785,381.594,0.6
426.846,382.071,0.6
424.897,382.523,0.6
422.949,382.974,0.6
421,383.426,0.6
419.052,383.877,0.6
417.104,384.329,0.6
415.155,384.78,0.6
413.169,384.992,0.6
411.176,385.161,0.6
409.184,385.331,0.6
407.191,385.5,0.6
405.198,385.67,0.6
403.203,385.701,0.6
401.207,385.579,0.6
399.211,385.457,0.6
397.215,385.335,0.6
395.218,385.213,0.6
393.222,385.091,0.6
391.275,384.651,0.6
389.335,384.166,0.6
387.394,383.681,0.6
385.543,382.929,0.6
383.702,382.147,0.6
381.862,381.366,0.6
380.021,380.584,0.6
378.18,379.802,0.6
376.487,378.739,0.6
374.803,377.661,0.6
373.119,376.582,0.6
371.435,375.503,0.6
369.751,374.424,0.6
368.286,373.085,0.6
366.931,371.614,0.6
365.576,370.143,0.6
364.221,368.671,0.6
362.866,367.2,0.6
361.721,365.576,0.6
360.74,363.834,0.6
359.759,362.091,0.6
358.778,360.348,0.6
357.797,358.605,0.6
356.925,356.807,0.6
356.105,354.983,0.6
355.285,353.158,0.6
354.466,351.334,0.6
353.646,349.51,0.6
353.11,347.59,0.6
352.66,345.641,0.6
352.21,343.693,0.6
351.76,341.744,0.6
351.31,339.795,0.6
350.86,337.846,0.6
350.753,335.863,0.6
350.8,333.863,0.6
350.847,331.864,0.6
350.894,329.864,0.6
350.941,327.865,0.6
350.988,325.866,0.6
351.049,323.867,0.6
351.25,321.877,0.6
351.451,319.887,0.6
351.652,317.897,0.6
351.853,315.907,0.6
352.45,314.002,0.6
353.075,312.102,0.6
353.701,310.202,0.6
354.42,308.337,0.6
355.167,306.482,0.6
355.914,304.627,0.6
356.698,302.788,0.6
357.618,301.012,0.6
358.538,299.237,0.6
359.459,297.461,0.6
360.379,295.685,0.6
361.369,293.95,0.6
362.455,292.271,0.6
363.542,290.592,0.6
364.628,288.912,0.6
365.828,287.315,0.6
367.075,285.751,0.6
368.321,284.187,0.6
369.568,282.623,0.6
370.814,281.059,0.6
372.135,279.561,0.6
373.54,278.138,0.6
374.945,276.714,0.6
376.35,275.291,0.6
377.755,273.868,0.6
379.16,272.444,0.6
380.568,271.023,0.6
382.006,269.633,0.6
383.444,268.243,0.6
384.882,266.853,0.6
386.32,265.464,0.6
387.758,264.074,0.6
389.196,262.684,0.6
390.634,261.294,0.6
392.072,259.904,0.6
393.59,258.601,0.6
395.109,257.3,0.6
396.628,255.999,0.6
398.147,254.698,0.6
399.666,253.397,0.6
401.185,252.096,0.6
402.703,250.794,0.6
404.22,249.491,0.6
405.738,248.188,0.6
407.255,246.886,0.6
408.773,245.583,0.6
410.29,244.28,0.6
411.808,242.977,0.6
413.325,241.674,0.6
414.843,240.372,0.6
416.394,239.11,0.6
417.951,237.854,0.6
419.508,236.599,0.6
421.065,235.343,0.6
422.622,234.088,0.6
424.179,232.833,0.6
425.736,231.577,0.6
427.293,230.322,0.6
428.85,229.066,0.6
451.823,236.478,0.65
453.376,235.217,0.65
454.916,233.941,0.65
456.398,232.598,0.65
457.88,231.256,0.65
459.362,229.913,0.65
460.844,228.57,0.65
462.327,227.227,0.65
463.809,225.884,0.65
465.291,224.541,0.65
466.789,223.217,0.65
468.3,221.906,0.65
469.81,220.595,0.65
471.321,219.284,0.65
472.832,217.974,0.65
474.342,216.663,0.65
475.853,215.352,0.65
477.363,214.041,0.65
478.916,212.784,0.65
480.545,211.624,0.65
482.175,210.465,0.65
483.805,209.306,0.65
485.434,208.146,0.65
487.064,206.987,0.65
488.694,205.828,0.65
490.324,204.668,0.65
492.017,203.611,0.65
493.77,202.648,0.65
495.523,201.685,0.65
497.289,200.747,0.65
499.061,199.819,0.65
500.833,198.891,0.65
502.605,197.963,0.65
504.376,197.036,0.65
506.148,196.108,0.65
507.92,195.18,0.65
509.696,194.262,0.65
511.533,193.47,0.65
513.369,192.678,0.65
515.206,191.887,0.65
517.043,191.095,0.65
518.933,190.46,0.65
520.87,189.962,0.65
522.807,189.465,0.65
524.744,188.967,0.65
526.684,188.481,0.65
528.646,188.093,0.65
530.608,187.705,0.65
532.57,187.317,0.65
534.535,186.986,0.65
536.53,187.128,0.65
538.525,187.271,0.65
540.52,187.413,0.65
542.507,187.599,0.65
544.414,188.201,0.65
546.321,188.803,0.65
548.229,189.405,0.65
550.032,190.261,0.65
551.815,191.167,0.65
553.586,192.091,0.65
555.097,193.402,0.65
556.607,194.712,0.65
558.038,196.11,0.65
559.467,197.509,0.65
560.866,198.936,0.65
562.168,200.454,0.65
563.47,201.972,0.65
564.587,203.621,0.65
565.585,205.355,0.65
566.582,207.088,0.65
567.425,208.9,0.65
568.235,210.729,0.65
568.885,212.613,0.65
569.375,214.552,0.65
569.865,216.491,0.65
570.355,218.43,0.65
570.658,220.398,0.65
570.774,222.394,0.65
570.89,224.391,0.65
571.005,226.388,0.65
570.889,228.384,0.65
570.773,230.381,0.65
570.631,232.375,0.65
570.376,234.359,0.65
570.121,236.342,0.65
569.872,238.327,0.65
569.638,240.313,0.65
569.01,242.208,0.65
568.342,244.093,0.65
567.465,245.887,0.65
566.546,247.664,0.65
565.597,249.423,0.65
564.499,251.095,0.65
563.402,252.766,0.65
562.304,254.438,0.65
561.206,256.11,0.65
560.106,257.78,0.65
559.007,259.451,0.65
557.904,261.119,0.65
556.596,262.633,0.65
555.289,264.146,0.65
553.982,265.66,0.65
552.675,267.173,0.65
551.367,268.687,0.65
550.06,270.201,0.65
548.753,271.714,0.65
547.488,273.263,0.65
546.228,274.817,0.65
544.969,276.37,0.65
543.709,277.924,0.65
542.449,279.477,0.65
541.19,281.031,0.65
539.93,282.584,0.65
538.553,284.03,0.65
537.122,285.428,0.65
535.691,286.825,0.65
534.26,288.223,0.65
532.83,289.62,0.65
531.399,291.018,0.65
529.968,292.415,0.65
528.458,293.724,0.65
526.915,294.996,0.65
525.371,296.269,0.65
523.828,297.541,0.65
522.285,298.813,0.65
520.742,300.086,0.65
519.199,301.358,0.65
517.66,302.635,0.65
516.141,303.936,0.65
514.623,305.238,0.65
513.105,306.54,0.65
511.587,307.842,0.65
510.068,309.144,0.65
508.55,310.446,0.65
507.032,311.748,0.65
505.514,313.05,0.65
503.995,314.352,0.65
502.477,315.653,0.65
500.959,316.955,0.65
499.441,318.257,0.65
497.922,319.559,0.65
496.404,320.861,0.65
494.882,322.159,0.65
493.36,323.456,0.65
491.837,324.752,0.65
490.314,326.049,0.65
488.792,327.346,0.65
487.269,328.643,0.65
485.747,329.94,0.65
484.224,331.236,0.65
482.679,332.507,0.65
481.13,333.771,0.65
479.58,335.035,0.65
478.03,336.299,0.65
476.48,337.564,0.65
474.931,338.828,0.65
473.381,340.092,0.65
471.831,341.356,0.65
470.281,342.621,0.65
468.732,343.885,0.65
467.182,345.149,0.65
465.632,346.413,0.65
464.083,347.678,0.65
462.533,348.942,0.65
460.983,350.206,0.65
459.415,351.448,0.65
457.836,352.675,0.65
456.257,353.902,0.65
454.678,355.13,0.65
453.099,356.357,0.65
451.519,357.584,0.65
449.94,358.811,0.65
448.286,359.932,0.65
446.589,360.989,0.65
444.891,362.047,0.65
443.194,363.104,0.65
441.496,364.161,0.65
439.799,365.219,0.65
438.101,366.276,0.65
436.4,367.328,0.65
434.686,368.359,0.65
432.972,369.39,0.65
431.258,370.421,0.65
429.545,371.452,0.65
427.747,372.311,0.65
425.879,373.027,0.65
424.012,373.743,0.65
422.145,374.46,0.65
420.278,375.176,0.65
418.33,375.548,0.65
416.338,375.734,0.65
414.347,375.919,0.65
412.356,376.105,0.65
410.364,376.29,0.65
408.368,376.24,0.65
406.371,376.133,0.65
404.374,376.027,0.65
402.377,375.92,0.65
400.38,375.813,0.65
398.42,375.494,0.65
396.506,374.913,0.65
394.593,374.332,0.65
392.679,373.75,0.65
390.785,373.125,0.65
389.082,372.077,0.65
387.379,371.028,0.65
385.676,369.979,0.65
383.973,368.931,0.65
382.321,367.809,0.65
380.768,366.549,0.65
379.215,365.289,0.65
377.662,364.03,0.65
376.108,362.77,0.65
374.927,361.167,0.65
373.799,359.515,0.65
372.671,357.864,0.65
371.544,356.212,0.65
370.786,354.383,0.65
370.208,352.469,0.65
369.63,350.554,0.65
369.053,348.639,0.65
368.475,346.725,0.65
368.018,344.786,0.65
367.844,342.794,0.65
367.669,340.802,0.65
367.495,338.809,0.65
367.367,336.817,0.65
367.545,334.825,0.65
367.723,332.833,0.65
367.901,330.841,0.65
368.079,328.849,0.65
368.485,326.902,0.65
369.085,324.994,0.65
369.684,323.086,0.65
370.284,321.178,0.65
371.154,319.381,0.65
372.067,317.602,0.65
372.98,315.822,0.65
373.988,314.104,0.65
375.234,312.539,0.65
376.479,310.975,0.65
377.733,309.416,0.65
378.987,307.858,0.65
380.241,306.3,0.65
381.495,304.742,0.65
382.749,303.184,0.65
384.078,301.69,0.65
385.416,300.203,0.65
386.754,298.717,0.65
388.091,297.23,0.65
389.429,295.743,0.65
390.766,294.256,0.65
392.104,292.769,0.65
393.494,291.332,0.65
394.917,289.926,0.65
396.339,288.52,0.65
397.761,287.114,0.65
399.183,285.708,0.65
400.623,284.321,0.65
402.123,282.998,0.65
403.623,281.675,0.65
405.124,280.352,0.65
406.624,279.03,0.65
408.124,277.707,0.65
409.624,276.384,0.65
411.124,275.062,0.65
412.563,273.673,0.65
413.988,272.269,0.65
415.412,270.866,0.65
416.837,269.462,0.65
418.262,268.059,0.65
419.687,266.655,0.65
421.111,265.251,0.65
422.536,263.848,0.65
423.961,262.444,0.65
425.386,261.041,0.65
426.811,259.638,0.65
428.262,258.261,0.65
429.713,256.885,0.65
431.164,255.508,0.65
432.614,254.131,0.65
434.065,252.755,0.65
435.516,251.378,0.65
436.982,250.018,0.65
438.48,248.693,0.65
439.978,247.367,0.65
441.475,246.042,0.65
442.957,244.698,0.65
444.423,243.338,0.65
445.889,241.977,0.65
447.355,240.617,0.65
448.821,239.256,0.65
450.287,237.896,0.65
816.895,490.101,0.55
815.138,491.058,0.55
813.381,492.014,0.55
811.625,492.97,0.55
809.868,493.926,0.55
808.111,494.882,0.55
806.355,495.838,0.55
804.598,496.794,0.55
802.841,497.75,0.55
801.085,498.706,0.55
799.328,499.662,0.55
797.572,500.619,0.55
795.834,501.609,0.55
794.114,502.63,0.55
792.395,503.651,0.55
790.675,504.672,0.55
788.956,505.694,0.55
787.236,506.715,0.55
785.517,507.736,0.55
783.797,508.758,0.55
782.077,509.779,0.55
780.358,510.8,0.55
778.638,511.822,0.55
776.919,512.843,0.55
775.2,513.865,0.55
773.481,514.888,0.55
771.763,515.911,0.55
770.044,516.935,0.55
768.326,517.958,0.55
766.607,518.981,0.55
764.889,520.004,0.55
763.17,521.027,0.55
761.452,522.05,0.55
759.734,523.074,0.55
758.014,524.096,0.55
756.295,525.117,0.55
754.575,526.138,0.55
752.855,527.159,0.55
751.136,528.18,0.55
749.416,529.201,0.55
747.696,530.223,0.55
745.977,531.244,0.55
744.257,532.265,0.55
742.537,533.286,0.55
740.818,534.307,0.55
738.973,535.073,0.55
737.115,535.813,0.55
735.257,536.554,0.55
733.399,537.294,0.55
731.541,538.034,0.55
729.683,538.774,0.55
727.825,539.514,0.55
725.955,540.225,0.55
724.085,540.933,0.55
722.214,541.641,0.55
720.344,542.349,0.55
718.473,543.057,0.55
716.603,543.765,0.55
714.732,544.473,0.55
712.852,545.148,0.55
710.891,545.54,0.55
708.93,545.932,0.55
706.969,546.324,0.55
705.007,546.716,0.55
703.046,547.108,0.55
701.084,547.496,0.55
699.11,547.816,0.55
697.136,548.136,0.55
695.162,548.457,0.55
693.187,548.777,0.55
691.213,549.097,0.55
689.217,549.131,0.55
687.217,549.116,0.55
685.217,549.101,0.55
683.217,549.086,0.55
681.217,549.071,0.55
679.217,549.056,0.55
677.226,548.877,0.55
675.234,548.693,0.55
673.243,548.509,0.55
671.251,548.325,0.55
669.283,547.987,0.55
667.325,547.579,0.55
665.367,547.171,0.55
663.409,546.764,0.55
661.464,546.301,0.55
659.542,545.75,0.55
657.619,545.198,0.55
655.697,544.647,0.55
653.774,544.096,0.55
651.859,543.523,0.55
649.991,542.808,0.55
648.123,542.092,0.55
646.256,541.377,0.55
644.388,540.661,0.55
642.515,539.96,0.55
640.631,539.289,0.55
638.747,538.617,0.55
636.863,537.946,0.55
634.979,537.274,0.55
633.096,536.603,0.55
631.212,535.932,0.55
629.313,535.303,0.55
627.407,534.697,0.55
625.501,534.091,0.55
623.595,533.485,0.55
621.689,532.879,0.55
619.784,532.272,0.55
617.878,531.666,0.55
615.972,531.06,0.55
614.066,530.454,0.55
612.16,529.848,0.55
610.254,529.242,0.55
608.348,528.635,0.55
606.394,528.216,0.55
604.433,527.818,0.55
602.473,527.421,0.55
600.513,527.023,0.55
598.553,526.626,0.55
596.593,526.228,0.55
594.609,525.982,0.55
592.623,525.747,0.55
590.636,525.511,0.55
588.65,525.276,0.55
586.664,525.04,0.55
584.678,524.805,0.55
582.692,524.57,0.55
580.705,524.348,0.55
578.708,524.233,0.55
576.711,524.118,0.55
574.715,524.003,0.55
572.718,523.888,0.55
570.721,523.773,0.55
568.725,523.658,0.55
566.728,523.543,0.55
564.731,523.428,0.55
562.733,523.355,0.55
560.734,523.299,0.55
558.734,523.243,0.55
556.735,523.187,0.55
554.736,523.131,0.55
552.737,523.075,0.55
550.738,523.019,0.55
548.738,522.963,0.55
546.739,522.907,0.55
544.74,522.851,0.55
542.741,522.795,0.55
540.741,522.739,0.55
538.742,522.693,0.55
536.743,522.757,0.55
534.744,522.822,0.55
532.745,522.886,0.55
530.746,522.95,0.55
528.747,523.014,0.55
526.748,523.078,0.55
524.749,523.142,0.55
522.75,523.206,0.55
520.751,523.27,0.55
518.753,523.334,0.55
516.754,523.398,0.55
514.755,523.462,0.55
512.756,523.527,0.55
510.757,523.591,0.55
508.758,523.655,0.55
506.759,523.719,0.55
504.759,523.773,0.55
502.76,523.823,0.55
500.761,523.874,0.55
498.761,523.924,0.55
496.762,523.974,0.55
494.763,524.024,0.55
492.763,524.074,0.55
490.764,524.124,0.55
488.764,524.175,0.55
486.765,524.225,0.55
484.766,524.275,0.55
482.766,524.325,0.55
480.767,524.375,0.55
478.768,524.425,0.55
476.768,524.475,0.55
474.769,524.503,0.55
472.769,524.49,0.55
470.769,524.477,0.55
468.769,524.465,0.55
466.769,524.452,0.55
464.769,524.439,0.55
462.769,524.426,0.55
460.778,524.283,0.55
458.793,524.032,0.55
456.809,523.782,0.55
454.825,523.531,0.55
452.854,523.208,0.55
450.907,522.748,0.55
448.961,522.287,0.55
447.015,521.826,0.55
445.101,521.247,0.55
443.19,520.657,0.55
441.279,520.067,0.55
439.368,519.477,0.55
437.457,518.886,0.55
435.61,518.124,0.55
433.773,517.333,0.55
431.936,516.542,0.55
430.099,515.751,0.55
428.262,514.961,0.55
426.425,514.17,0.55
424.704,513.167,0.55
423.046,512.048,0.55
421.389,510.929,0.55
419.731,509.809,0.55
418.073,508.69,0.55
416.416,507.571,0.55
414.949,506.221,0.55
413.542,504.801,0.55
412.134,503.38,0.55
410.726,501.96,0.55
409.318,500.539,0.55
407.91,499.119,0.55
406.571,497.639,0.55
405.364,496.044,0.55
404.158,494.449,0.55
402.951,492.854,0.55
401.744,491.259,0.55
400.733,489.538,0.55
399.785,487.777,0.55
398.837,486.016,0.55
397.89,484.255,0.55
396.942,482.494,0.55
396.105,480.682,0.55
395.393,478.813,0.55
394.68,476.944,0.55
393.968,475.075,0.55
393.339,473.178,0.55
392.755,471.265,0.55
392.171,469.352,0.55
391.587,467.439,0.55
391.003,465.526,0.55
390.533,463.593,0.55
390.428,461.596,0.55
390.323,459.599,0.55
390.218,457.602,0.55
390.128,455.605,0.55
390.258,453.609,0.55
390.388,451.613,0.55
390.519,449.617,0.55
390.651,447.622,0.55
390.905,445.638,0.55
391.159,443.654,0.55
391.413,441.67,0.55
391.751,439.706,0.55
392.393,437.812,0.55
393.034,435.917,0.55
393.676,434.023,0.55
394.401,432.159,0.55
395.134,430.298,0.55
395.867,428.438,0.55
396.6,426.577,0.55
397.523,424.817,0.55
398.658,423.171,0.55
399.794,421.525,0.55
400.93,419.878,0.55
402.065,418.232,0.55
403.201,416.586,0.55
404.497,415.063,0.55
405.797,413.543,0.55
407.096,412.022,0.55
408.395,410.502,0.55
409.695,408.981,0.55
410.988,407.455,0.55
412.279,405.929,0.55
413.598,404.429,0.55
415.123,403.135,0.55
416.648,401.841,0.55
418.173,400.547,0.55
419.698,399.253,0.55
421.223,397.959,0.55
422.751,396.669,0.55
424.502,395.703,0.55
426.253,394.736,0.55
428.004,393.77,0.55
429.755,392.804,0.55
431.507,391.837,0.55
433.258,390.871,0.55
435.024,389.934,0.55
436.826,389.068,0.55
438.629,388.202,0.55
440.432,387.335,0.55
442.234,386.469,0.55
444.037,385.603,0.55
445.84,384.736,0.55
447.686,383.967,0.55
449.536,383.208,0.55
451.386,382.449,0.55
453.236,381.689,0.55
455.087,380.93,0.55
456.908,380.107,0.55
458.711,379.24,0.55
460.513,378.373,0.55
462.315,377.506,0.55
464.118,376.639,0.55
465.92,375.772,0.55
467.722,374.905,0.55
469.525,374.038,0.55
471.324,373.165,0.55
473.065,372.181,0.55
474.806,371.197,0.55
476.547,370.213,0.55
478.289,369.229,0.55
480.03,368.245,0.55
481.771,367.262,0.55
483.513,366.278,0.55
485.254,365.294,0.55
486.995,364.31,0.55
488.753,363.357,0.55
490.533,362.445,0.55
492.313,361.533,0.55
494.093,360.621,0.55
495.873,359.709,0.55
497.653,358.798,0.55
499.433,357.886,0.55
501.213,356.974,0.55
502.993,356.062,0.55
504.735,355.079,0.55
506.473,354.091,0.55
508.212,353.102,0.55
509.951,352.113,0.55
511.689,351.125,0.55
513.428,350.136,0.55
515.201,349.212,0.55
516.988,348.315,0.55
518.775,347.417,0.55
520.563,346.519,0.55
522.35,345.622,0.55
524.137,344.724,0.55
525.924,343.826,0.55
527.712,342.929,0.55
529.499,342.031,0.55
531.296,341.154,0.55
533.107,340.305,0.55
534.918,339.457,0.55
536.729,338.608,0.55
538.54,337.759,0.55
540.351,336.91,0.55
542.162,336.062,0.55
543.973,335.213,0.55
545.784,334.364,0.55
547.595,333.515,0.55
549.406,332.667,0.55
551.223,331.832,0.55
553.061,331.043,0.55
554.899,330.254,0.55
556.737,329.466,0.55
558.575,328.677,0.55
560.413,327.889,0.55
562.251,327.1,0.55
564.089,326.311,0.55
565.927,325.523,0.55
567.765,324.734,0.55
569.616,323.977,0.55
571.467,323.221,0.55
573.319,322.465,0.55
575.171,321.709,0.55
577.022,320.953,0.55
578.884,320.222,0.55
580.751,319.505,0.55
582.618,318.789,0.55
584.485,318.072,0.55
586.369,317.403,0.55
588.284,316.826,0.55
590.199,316.249,0.55
592.113,315.671,0.55
594.028,315.094,0.55
595.942,314.514,0.55
597.856,313.933,0.55
599.77,313.351,0.55
601.684,312.771,0.55
603.598,312.191,0.55
605.512,311.611,0.55
607.433,311.056,0.55
609.356,310.506,0.55
611.279,309.955,0.55
613.201,309.405,0.55
615.124,308.854,0.55
617.047,308.304,0.55
618.974,307.767,0.55
620.903,307.239,0.55
622.832,306.711,0.55
624.76,306.182,0.55
626.689,305.654,0.55
628.618,305.125,0.55
630.547,304.597,0.55
632.476,304.069,0.55
634.405,303.54,0.55
636.337,303.021,0.55
638.275,302.53,0.55
640.214,302.039,0.55
642.153,301.547,0.55
644.091,301.056,0.55
646.03,300.564,0.55
647.969,300.073,0.55
649.907,299.582,0.55
651.866,299.176,0.55
653.827,298.784,0.55
655.788,298.392,0.55
657.749,298,0.55
659.71,297.608,0.55
661.672,297.216,0.55
663.633,296.824,0.55
665.594,296.432,0.55
667.555,296.04,0.55
669.522,295.678,0.55
671.498,295.368,0.55
673.474,295.059,0.55
675.449,294.749,0.55
677.425,294.439,0.55
679.401,294.13,0.55
681.377,293.82,0.55
683.354,293.518,0.55
685.338,293.264,0.55
687.322,293.01,0.55
689.306,292.757,0.55
691.289,292.503,0.55
693.273,292.249,0.55
695.257,291.995,0.55
697.241,291.741,0.55
699.225,291.488,0.55
701.209,291.234,0.55
703.192,290.98,0.55
705.185,290.811,0.55
707.178,290.646,0.55
709.171,290.481,0.55
711.165,290.316,0.55
713.158,290.15,0.55
715.151,289.985,0.55
717.145,289.833,0.55
719.143,289.738,0.55
721.14,289.642,0.55
723.138,289.547,0.55
725.136,289.451,0.55
727.134,289.356,0.55
729.131,289.26,0.55
731.129,289.165,0.55
733.127,289.07,0.55
735.125,289.001,0.55
737.125,288.972,0.55
739.125,288.944,0.55
741.125,288.916,0.55
743.125,288.887,0.55
745.124,288.859,0.55
747.124,288.83,0.55
754.068,326.067,0.5
752.085,325.806,0.5
750.102,325.546,0.5
748.119,325.285,0.5
746.139,325.004,0.5
744.161,324.707,0.5
742.184,324.41,0.5
740.206,324.112,0.5
738.228,323.815,0.5
736.25,323.518,0.5
734.272,323.221,0.5
732.295,322.924,0.5
730.315,322.642,0.5
728.319,322.512,0.5
726.324,322.382,0.5
724.328,322.252,0.5
722.332,322.122,0.5
720.336,321.992,0.5
718.341,321.862,0.5
716.345,321.732,0.5
714.348,321.729,0.5
712.351,321.838,0.5
710.354,321.948,0.5
708.357,322.057,0.5
706.36,322.167,0.5
704.363,322.277,0.5
702.366,322.386,0.5
700.369,322.496,0.5
698.372,322.605,0.5
696.377,322.736,0.5
694.382,322.886,0.5
692.388,323.035,0.5
690.394,323.184,0.5
688.399,323.333,0.5
686.405,323.482,0.5
684.414,323.67,0.5
682.425,323.878,0.5
680.435,324.086,0.5
678.446,324.293,0.5
676.457,324.501,0.5
674.468,324.709,0.5
672.479,324.917,0.5
670.5,325.191,0.5
668.547,325.621,0.5
666.594,326.05,0.5
664.64,326.48,0.5
662.687,326.909,0.5
660.734,327.339,0.5
658.781,327.773,0.5
656.829,328.209,0.5
654.877,328.644,0.5
652.925,329.08,0.5
650.973,329.516,0.5
649.084,330.134,0.5
647.274,330.985,0.5
645.464,331.837,0.5
643.655,332.688,0.5
641.845,333.54,0.5
640.035,334.391,0.5
638.226,335.243,0.5
636.416,336.094,0.5
634.622,336.976,0.5
632.889,337.973,0.5
631.155,338.971,0.5
629.422,339.968,0.5
627.688,340.966,0.5
625.955,341.963,0.5
624.221,342.961,0.5
622.58,344.103,0.5
620.942,345.251,0.5
619.304,346.399,0.5
617.666,347.546,0.5
616.028,348.694,0.5
614.413,349.87,0.5
612.92,351.202,0.5
611.428,352.533,0.5
609.936,353.865,0.5
608.443,355.196,0.5
606.951,356.527,0.5
605.462,357.863,0.5
603.999,359.226,0.5
602.535,360.589,0.5
601.071,361.952,0.5
599.608,363.315,0.5
598.144,364.678,0.5
596.681,366.041,0.5
595.348,367.525,0.5
594.118,369.102,0.5
592.888,370.679,0.5
591.658,372.256,0.5
590.428,373.833,0.5
589.198,375.41,0.5
587.968,376.987,0.5
586.738,378.564,0.5
585.508,380.141,0.5
584.375,381.788,0.5
583.271,383.456,0.5
582.168,385.124,0.5
581.065,386.792,0.5
579.962,388.46,0.5
578.859,390.129,0.5
577.755,391.797,0.5
576.652,393.465,0.5
575.549,395.133,0.5
574.498,396.831,0.5
573.621,398.629,0.5
572.744,400.426,0.5
571.868,402.224,0.5
570.991,404.021,0.5
570.114,405.819,0.5
569.237,407.616,0.5
568.36,409.414,0.5
567.63,411.275,0.5
566.922,413.145,0.5
566.213,415.016,0.5
565.504,416.886,0.5
564.796,418.756,0.5
564.146,420.645,0.5
563.626,422.577,0.5
563.105,424.508,0.5
562.585,426.439,0.5
562.065,428.37,0.5
561.545,430.301,0.5
561.165,432.258,0.5
560.975,434.249,0.5
560.784,436.24,0.5
560.594,438.231,0.5
560.404,440.221,0.5
560.213,442.212,0.5
560.05,444.204,0.5
560.135,446.202,0.5
560.22,448.2,0.5
560.305,450.199,0.5
560.39,452.197,0.5
560.475,454.195,0.5
560.628,456.189,0.5
560.783,458.183,0.5
560.939,460.177,0.5
561.094,462.171,0.5
561.602,464.094,0.5
562.235,465.991,0.5
562.867,467.888,0.5
563.5,469.785,0.5
564.136,471.682,0.5
564.779,473.575,0.5
565.423,475.469,0.5
566.144,477.325,0.5
567.211,479.017,0.5
568.278,480.709,0.5
569.345,482.401,0.5
570.411,484.092,0.5
571.593,485.704,0.5
572.819,487.283,0.5
574.046,488.863,0.5
575.273,490.443,0.5
576.524,491.998,0.5
578.061,493.278,0.5
579.598,494.558,0.5
581.135,495.838,0.5
582.671,497.118,0.5
584.208,498.398,0.5
585.89,499.451,0.5
587.7,500.302,0.5
589.509,501.153,0.5
591.356,501.913,0.5
593.248,502.562,0.5
595.14,503.21,0.5
597.032,503.858,0.5
598.96,504.354,0.5
600.942,504.622,0.5
602.924,504.89,0.5
604.906,505.158,0.5
606.888,505.427,0.5
608.872,505.664,0.5
610.872,505.636,0.5
612.871,505.608,0.5
614.871,505.58,0.5
616.87,505.524,0.5
618.86,505.329,0.5
620.85,505.133,0.5
622.841,504.937,0.5
624.832,504.747,0.5
626.823,504.557,0.5
628.814,504.368,0.5
630.805,504.178,0.5
632.784,503.923,0.5
634.718,503.412,0.5
636.651,502.901,0.5
638.585,502.39,0.5
640.518,501.879,0.5
642.452,501.368,0.5
644.386,500.857,0.5
646.293,500.267,0.5
648.155,499.536,0.5
650.017,498.806,0.5
651.879,498.075,0.5
653.74,497.344,0.5
655.602,496.614,0.5
657.464,495.883,0.5
659.326,495.153,0.5
661.188,494.422,0.5
663.049,493.691,0.5
664.884,492.895,0.5
666.71,492.081,0.5
668.537,491.266,0.5
670.364,490.452,0.5
672.191,489.638,0.5
674.017,488.824,0.5
675.844,488.009,0.5
677.671,487.195,0.5
679.497,486.381,0.5
681.324,485.567,0.5
683.151,484.752,0.5
684.978,483.938,0.5
686.805,483.125,0.5
688.643,482.337,0.5
690.482,481.55,0.5
692.32,480.762,0.5
694.159,479.975,0.5
695.997,479.187,0.5
697.836,478.4,0.5
699.674,477.612,0.5
701.512,476.825,0.5
703.351,476.037,0.5
705.189,475.25,0.5
707.028,474.463,0.5
708.866,473.675,0.5
710.705,472.888,0.5
712.576,472.185,0.5
714.461,471.517,0.5
716.346,470.849,0.5
718.232,470.181,0.5
720.117,469.513,0.5
722.002,468.844,0.5
723.887,468.176,0.5
725.772,467.508,0.5
727.657,466.84,0.5
729.542,466.172,0.5
731.427,465.504,0.5
733.312,464.836,0.5
735.198,464.168,0.5
737.083,463.499,0.5
738.968,462.831,0.5
740.853,462.163,0.5
742.738,461.495,0.5
744.623,460.827,0.5
746.508,460.159,0.5
748.413,459.551,0.5
750.323,458.956,0.5
752.232,458.361,0.5
754.141,457.765,0.5
756.051,457.17,0.5
757.96,456.575,0.5
759.894,456.071,0.5
761.845,455.631,0.5
763.796,455.192,0.5
765.747,454.752,0.5
767.698,454.313,0.5
769.65,453.873,0.5
771.601,453.434,0.5
773.552,452.994,0.5
775.51,452.591,0.5
777.474,452.209,0.5
779.437,451.827,0.5
781.4,451.445,0.5
783.363,451.063,0.5
785.326,450.681,0.5
787.295,450.331,0.5
789.274,450.045,0.5
791.254,449.759,0.5
793.233,449.474,0.5
795.213,449.188,0.5
797.2,448.996,0.5
799.199,448.971,0.5
801.199,448.946,0.5
803.199,448.921,0.5
805.199,448.896,0.5
807.169,448.555,0.5
809.139,448.208,0.5
811.109,447.862,0.5
813.079,447.516,0.5
815.049,447.17,0.5
816.949,446.55,0.5
818.844,445.911,0.5
820.739,445.271,0.5
822.634,444.632,0.5
824.443,443.805,0.5
826.162,442.783,0.5
827.881,441.761,0.5
829.6,440.739,0.5
831.319,439.717,0.5
832.971,438.597,0.5
834.547,437.365,0.5
836.122,436.133,0.5
837.697,434.901,0.5
839.273,433.668,0.5
840.684,432.261,0.5
842.015,430.768,0.5
843.346,429.276,0.5
844.671,427.778,0.5
845.983,426.268,0.5
847.295,424.759,0.5
848.607,423.249,0.5
849.919,421.74,0.5
850.865,420.019,0.5
851.514,418.127,0.5
852.163,416.235,0.5
852.812,414.344,0.5
853.461,412.452,0.5
854.11,410.56,0.5
854.567,408.623,0.5
854.821,406.64,0.5
855.076,404.656,0.5
855.33,402.672,0.5
855.542,400.685,0.5
855.57,398.686,0.5
855.598,396.686,0.5
855.626,394.686,0.5
855.53,392.697,0.5
855.154,390.733,0.5
854.778,388.768,0.5
854.402,386.804,0.5
853.713,384.954,0.5
852.739,383.207,0.5
851.766,381.46,0.5
850.792,379.712,0.5
849.819,377.965,0.5
848.838,376.223,0.5
847.515,374.724,0.5
846.191,373.225,0.5
844.867,371.725,0.5
843.55,370.221,0.5
842.246,368.704,0.5
840.942,367.188,0.5
839.638,365.671,0.5
838.335,364.154,0.5
836.979,362.692,0.5
835.398,361.467,0.5
833.817,360.242,0.5
832.236,359.017,0.5
830.655,357.792,0.5
829.074,356.567,0.5
827.492,355.345,0.5
825.852,354.199,0.5
824.213,353.054,0.5
822.573,351.908,0.5
820.934,350.763,0.5
819.294,349.617,0.5
817.592,348.575,0.5
815.826,347.635,0.5
814.061,346.695,0.5
812.296,345.755,0.5
810.53,344.815,0.5
808.765,343.875,0.5
806.999,342.935,0.5
805.234,341.995,0.5
803.469,341.055,0.5
801.697,340.129,0.5
799.812,339.46,0.5
797.927,338.792,0.5
796.042,338.124,0.5
794.157,337.455,0.5
792.272,336.787,0.5
790.387,336.118,0.5
788.502,335.45,0.5
786.618,334.781,0.5
784.733,334.113,0.5
782.848,333.444,0.5
780.963,332.776,0.5
779.078,332.107,0.5
777.179,331.484,0.5
775.236,331.012,0.5
773.292,330.54,0.5
771.348,330.069,0.5
769.405,329.597,0.5
767.461,329.125,0.5
765.518,328.654,0.5
763.574,328.182,0.5
761.631,327.71,0.5
759.687,327.238,0.5
757.743,326.767,0.5
537.76,693.445,0.6
536.355,692.022,0.6
534.949,690.599,0.6
533.544,689.176,0.6
532.15,687.742,0.6
530.773,686.292,0.6
529.395,684.842,0.6
528.018,683.392,0.6
526.64,681.942,0.6
524.963,680.87,0.6
523.237,679.86,0.6
521.51,678.85,0.6
519.784,677.84,0.6
518.058,676.83,0.6
516.402,675.712,0.6
514.772,674.553,0.6
513.142,673.394,0.6
511.512,672.235,0.6
509.99,670.95,0.6
508.603,669.51,0.6
507.215,668.07,0.6
505.827,666.629,0.6
504.439,665.189,0.6
503.052,663.749,0.6
501.707,662.274,0.6
500.577,660.623,0.6
499.448,658.973,0.6
498.319,657.322,0.6
497.189,655.671,0.6
496.06,654.021,0.6
494.931,652.37,0.6
493.802,650.719,0.6
492.851,648.961,0.6
491.916,647.192,0.6
490.982,645.424,0.6
490.047,643.656,0.6
489.112,641.888,0.6
488.178,640.12,0.6
487.504,638.239,0.6
486.863,636.345,0.6
486.221,634.451,0.6
485.579,632.556,0.6
484.937,630.662,0.6
484.295,628.768,0.6
483.722,626.857,0.6
483.415,624.881,0.6
483.108,622.904,0.6
482.801,620.928,0.6
482.494,618.952,0.6
482.187,616.975,0.6
481.88,614.999,0.6
481.696,613.013,0.6
481.669,611.013,0.6
481.643,609.013,0.6
481.616,607.013,0.6
481.59,605.013,0.6
481.653,603.018,0.6
481.866,601.029,0.6
482.078,599.04,0.6
482.291,597.052,0.6
482.504,595.063,0.6
482.722,593.075,0.6
483.216,591.137,0.6
483.71,589.199,0.6
484.204,587.261,0.6
484.758,585.341,0.6
485.373,583.437,0.6
485.988,581.534,0.6
486.603,579.631,0.6
487.218,577.728,0.6
488.229,576.009,0.6
489.285,574.311,0.6
490.341,572.612,0.6
491.398,570.914,0.6
492.454,569.216,0.6
493.524,567.527,0.6
494.812,565.997,0.6
496.1,564.467,0.6
497.388,562.937,0.6
498.778,561.508,0.6
500.286,560.194,0.6
501.794,558.88,0.6
503.301,557.566,0.6
504.809,556.252,0.6
506.317,554.938,0.6
507.971,553.816,0.6
509.641,552.715,0.6
511.31,551.613,0.6
512.979,550.512,0.6
514.767,549.626,0.6
516.591,548.804,0.6
518.414,547.983,0.6
520.238,547.162,0.6
522.084,546.393,0.6
523.931,545.624,0.6
525.777,544.855,0.6
527.757,544.603,0.6
529.744,544.375,0.6
531.732,544.148,0.6
533.719,543.921,0.6
535.711,543.862,0.6
537.709,543.952,0.6
539.707,544.041,0.6
541.705,544.13,0.6
543.702,544.231,0.6
545.661,544.633,0.6
547.62,545.036,0.6
549.579,545.439,0.6
551.521,545.908,0.6
553.434,546.491,0.6
555.348,547.074,0.6
557.261,547.656,0.6
559.174,548.239,0.6
560.992,549.067,0.6
562.799,549.926,0.6
564.605,550.785,0.6
566.351,551.759,0.6
568.091,552.745,0.6
569.831,553.73,0.6
571.555,554.744,0.6
573.258,555.793,0.6
574.961,556.842,0.6
576.652,557.907,0.6
578.135,559.248,0.6
579.619,560.589,0.6
581.103,561.93,0.6
582.534,563.326,0.6
583.948,564.741,0.6
585.362,566.156,0.6
586.775,567.57,0.6
588.189,568.985,0.6
589.543,570.456,0.6
590.869,571.954,0.6
592.111,573.514,0.6
593.199,575.192,0.6
594.287,576.871,0.6
595.382,578.544,0.6
596.483,580.214,0.6
597.584,581.884,0.6
598.685,583.553,0.6
599.703,585.275,0.6
600.72,586.997,0.6
601.737,588.719,0.6
602.754,590.441,0.6
603.771,592.163,0.6
604.788,593.885,0.6
605.801,595.61,0.6
606.784,597.352,0.6
607.766,599.094,0.6
608.748,600.836,0.6
609.73,602.578,0.6
610.675,604.34,0.6
611.516,606.154,0.6
612.358,607.969,0.6
613.199,609.783,0.6
614.041,611.597,0.6
614.873,613.416,0.6
615.602,615.278,0.6
616.331,617.14,0.6
617.061,619.003,0.6
617.79,620.865,0.6
618.381,622.775,0.6
618.964,624.688,0.6
619.548,626.601,0.6
620.131,628.514,0.6
620.786,630.402,0.6
621.526,632.26,0.6
622.266,634.118,0.6
623.006,635.977,0.6
623.746,637.835,0.6
624.486,639.693,0.6
625.25,641.54,0.6
626.16,643.321,0.6
627.069,645.102,0.6
627.978,646.884,0.6
628.888,648.665,0.6
629.797,650.446,0.6
630.664,652.249,0.6
631.525,654.054,0.6
632.386,655.859,0.6
633.247,657.664,0.6
634.234,659.391,0.6
635.469,660.964,0.6
636.705,662.537,0.6
637.94,664.109,0.6
639.176,665.682,0.6
640.411,667.255,0.6
641.647,668.828,0.6
642.864,670.414,0.6
644.078,672.004,0.6
645.292,673.593,0.6
646.506,675.183,0.6
647.72,676.772,0.6
648.975,678.326,0.6
650.356,679.773,0.6
651.737,681.22,0.6
653.117,682.667,0.6
654.498,684.114,0.6
655.878,685.561,0.6
622.921,691.33,0.65
621.474,689.95,0.65
620.026,688.569,0.65
618.661,687.109,0.65
617.314,685.63,0.65
615.968,684.151,0.65
614.621,682.672,0.65
613.275,681.193,0.65
611.963,679.686,0.65
610.738,678.105,0.65
609.512,676.524,0.65
608.287,674.944,0.65
607.061,673.363,0.65
605.948,671.704,0.65
604.888,670.008,0.65
603.828,668.313,0.65
602.767,666.617,0.65
601.732,664.906,0.65
600.771,663.152,0.65
599.81,661.398,0.65
598.869,659.636,0.65
598.358,657.703,0.65
597.846,655.769,0.65
597.335,653.836,0.65
596.824,651.902,0.65
596.326,649.965,0.65
595.887,648.014,0.65
595.447,646.063,0.65
595.008,644.112,0.65
594.568,642.161,0.65
594.129,640.21,0.65
593.689,638.259,0.65
593.25,636.307,0.65
592.791,634.361,0.65
592.329,632.415,0.65
591.867,630.469,0.65
591.404,628.523,0.65
590.942,626.577,0.65
590.48,624.631,0.65
590.009,622.688,0.65
589.307,620.815,0.65
588.606,618.942,0.65
587.905,617.069,0.65
587.203,615.196,0.65
586.502,613.324,0.65
585.8,611.451,0.65
585.099,609.578,0.65
584.398,607.705,0.65
583.696,605.832,0.65
582.959,603.973,0.65
582.21,602.118,0.65
581.46,600.264,0.65
580.711,598.409,0.65
579.962,596.555,0.65
579.213,594.701,0.65
578.087,593.052,0.65
576.936,591.415,0.65
575.786,589.779,0.65
574.636,588.143,0.65
573.486,586.507,0.65
572.336,584.87,0.65
571.18,583.239,0.65
569.899,581.703,0.65
568.619,580.167,0.65
567.338,578.63,0.65
566.057,577.094,0.65
564.776,575.558,0.65
563.302,574.232,0.65
561.669,573.077,0.65
560.036,571.922,0.65
558.403,570.767,0.65
556.771,569.612,0.65
555.091,568.543,0.65
553.235,567.798,0.65
551.379,567.053,0.65
549.523,566.308,0.65
547.667,565.563,0.65
545.689,565.272,0.65
543.709,564.99,0.65
541.729,564.707,0.65
539.749,564.424,0.65
537.761,564.474,0.65
535.769,564.655,0.65
533.777,564.836,0.65
531.813,565.163,0.65
529.894,565.726,0.65
527.975,566.289,0.65
526.056,566.852,0.65
524.175,567.526,0.65
522.323,568.281,0.65
520.471,569.036,0.65
518.792,570.11,0.65
517.151,571.252,0.65
515.51,572.395,0.65
513.924,573.601,0.65
512.582,575.084,0.65
511.239,576.566,0.65
509.896,578.049,0.65
508.596,579.566,0.65
507.402,581.17,0.65
506.207,582.774,0.65
505.012,584.378,0.65
504.24,586.17,0.65
503.848,588.131,0.65
503.456,590.092,0.65
503.064,592.053,0.65
502.672,594.015,0.65
502.28,595.976,0.65
501.888,597.937,0.65
501.555,599.907,0.65
501.338,601.896,0.65
501.121,603.884,0.65
500.903,605.872,0.65
500.796,607.863,0.65
500.915,609.859,0.65
501.033,611.856,0.65
501.152,613.852,0.65
501.29,615.847,0.65
501.428,617.843,0.65
501.567,619.838,0.65
501.727,621.83,0.65
502.146,623.786,0.65
502.565,625.741,0.65
502.984,627.697,0.65
503.41,629.651,0.65
503.861,631.6,0.65
504.311,633.548,0.65
504.762,635.497,0.65
505.333,637.409,0.65
506.022,639.287,0.65
506.71,641.165,0.65
507.399,643.042,0.65
508.138,644.898,0.65
509.053,646.676,0.65
509.968,648.455,0.65
510.883,650.233,0.65
511.798,652.012,0.65
512.783,653.741,0.65
514.133,655.217,0.65
515.483,656.692,0.65
516.834,658.168,0.65
518.228,659.6,0.65
519.679,660.976,0.65
521.131,662.352,0.65
522.582,663.728,0.65
524.147,664.971,0.65
525.735,666.187,0.65
527.323,667.402,0.65
528.915,668.613,0.65
530.508,669.823,0.65
532.1,671.033,0.65
533.693,672.243,0.65
535.292,673.442,0.65
536.983,674.51,0.65
538.674,675.579,0.65
540.365,676.647,0.65
541.843,677.97,0.65
543.191,679.447,0.65
544.51,680.95,0.65
545.828,682.454,0.65
547.147,683.958,0.65
548.465,685.462,0.65
