687.973,669.222,0.55
687.262,667.353,0.55
686.551,665.483,0.55
685.839,663.614,0.55
685.094,661.76,0.55
684.179,659.982,0.55
683.264,658.203,0.55
682.349,656.425,0.55
681.433,654.647,0.55
680.518,652.868,0.55
679.603,651.09,0.55
678.63,649.343,0.55
677.635,647.608,0.55
676.641,645.873,0.55
675.647,644.137,0.55
674.653,642.402,0.55
673.659,640.666,0.55
672.665,638.931,0.55
671.671,637.195,0.55
670.677,635.46,0.55
669.653,633.742,0.55
668.613,632.033,0.55
667.574,630.325,0.55
666.534,628.616,0.55
665.495,626.908,0.55
664.455,625.199,0.55
663.416,623.49,0.55
662.376,621.782,0.55
661.305,620.093,0.55
660.219,618.413,0.55
659.133,616.734,0.55
658.048,615.054,0.55
656.962,613.374,0.55
655.876,611.695,0.55
654.791,610.015,0.55
653.628,608.389,0.55
652.422,606.793,0.55
651.217,605.198,0.55
650.011,603.602,0.55
648.806,602.006,0.55
647.6,600.41,0.55
646.395,598.814,0.55
645.189,597.218,0.55
643.984,595.622,0.55
642.778,594.027,0.55
641.568,592.435,0.55
640.291,590.895,0.55
639.014,589.356,0.55
637.737,587.817,0.55
636.46,586.277,0.55
635.184,584.738,0.55
633.907,583.198,0.55
632.63,581.659,0.55
631.353,580.12,0.55
630.076,578.58,0.55
628.8,577.041,0.55
627.523,575.501,0.55
626.246,573.962,0.55
624.969,572.422,0.55
623.692,570.883,0.55
622.416,569.344,0.55
621.139,567.804,0.55
619.835,566.288,0.55
618.495,564.803,0.55
617.155,563.318,0.55
615.816,561.833,0.55
614.476,560.349,0.55
613.136,558.864,0.55
611.796,557.379,0.55
610.457,555.894,0.55
609.117,554.409,0.55
607.777,552.924,0.55
606.437,551.439,0.55
605.098,549.954,0.55
603.758,548.469,0.55
602.418,546.984,0.55
601.082,545.496,0.55
599.755,543.999,0.55
598.429,542.503,0.55
597.102,541.006,0.55
595.775,539.509,0.55
594.449,538.013,0.55
593.122,536.516,0.55
591.795,535.019,0.55
590.469,533.523,0.55
589.142,532.026,0.55
587.815,530.529,0.55
586.488,529.033,0.55
585.162,527.536,0.55
583.835,526.04,0.55
582.508,524.543,0.55
581.182,523.046,0.55
579.855,521.55,0.55
578.528,520.053,0.55
577.134,518.62,0.55
575.729,517.196,0.55
574.324,515.773,0.55
572.919,514.349,0.55
571.514,512.926,0.55
570.109,511.503,0.55
568.704,510.079,0.55
567.299,508.656,0.55
565.894,507.232,0.55
564.489,505.809,0.55
563.084,504.386,0.55
561.615,503.03,0.55
560.119,501.703,0.55
558.622,500.376,0.55
557.126,499.049,0.55
555.63,497.722,0.55
554.133,496.395,0.55
552.637,495.069,0.55
551.14,493.742,0.55
549.644,492.415,0.55
548.147,491.088,0.55
546.651,489.761,0.55
545.154,488.434,0.55
543.658,487.107,0.55
542.161,485.781,0.55
540.665,484.454,0.55
539.168,483.127,0.55
537.671,481.801,0.55
536.119,480.54,0.55
534.566,479.279,0.55
533.014,478.017,0.55
531.462,476.756,0.55
529.91,475.495,0.55
528.358,474.233,0.55
526.806,472.972,0.55
525.254,471.711,0.55
523.702,470.449,0.55
522.15,469.188,0.55
520.597,467.927,0.55
519.014,466.707,0.55
517.377,465.558,0.55
515.741,464.408,0.55
514.104,463.259,0.55
512.467,462.109,0.55
510.831,460.96,0.55
509.194,459.81,0.55
507.557,458.661,0.55
505.921,457.511,0.55
504.284,456.362,0.55
502.647,455.212,0.55
501.011,454.063,0.55
499.374,452.913,0.55
497.737,451.764,0.55
496.09,450.63,0.55
494.419,449.531,0.55
492.748,448.432,0.55
491.077,447.332,0.55
489.406,446.233,0.55
487.735,445.134,0.55
486.065,444.035,0.55
484.394,442.936,0.55
482.704,441.867,0.55
480.994,440.829,0.55
479.284,439.792,0.55
477.574,438.754,0.55
475.865,437.716,0.55
474.155,436.679,0.55
472.445,435.641,0.55
470.735,434.604,0.55
469.025,433.566,0.55
467.316,432.528,0.55
465.606,431.491,0.55
463.896,430.453,0.55
462.186,429.416,0.55
460.476,428.378,0.55
458.768,427.338,0.55
457.081,426.264,0.55
455.393,425.191,0.55
453.705,424.118,0.55
452.018,423.045,0.55
450.33,421.972,0.55
448.642,420.898,0.55
446.955,419.825,0.55
445.262,418.761,0.55
443.554,417.719,0.55
441.847,416.678,0.55
440.139,415.636,0.55
438.432,414.595,0.55
436.725,413.553,0.55
435.017,412.512,0.55
433.31,411.47,0.55
431.602,410.428,0.55
429.895,409.387,0.55
428.188,408.345,0.55
426.46,407.339,0.55
424.688,406.413,0.55
422.915,405.488,0.55
421.142,404.562,0.55
419.369,403.636,0.55
417.596,402.711,0.55
415.823,401.785,0.55
414.05,400.859,0.55
412.277,399.934,0.55
410.504,399.008,0.55
408.731,398.083,0.55
406.958,397.157,0.55
405.185,396.231,0.55
403.412,395.306,0.55
401.606,394.45,0.55
399.78,393.634,0.55
397.954,392.818,0.55
396.128,392.002,0.55
394.302,391.186,0.55
392.476,390.37,0.55
390.65,389.554,0.55
388.818,388.752,0.55
386.964,388.002,0.55
385.11,387.251,0.55
383.256,386.501,0.55
381.403,385.75,0.55
379.549,385,0.55
377.695,384.249,0.55
375.841,383.499,0.55
373.987,382.748,0.55
372.133,381.998,0.55
370.279,381.247,0.55
368.426,380.497,0.55
366.572,379.746,0.55
364.718,378.996,0.55
362.864,378.245,0.55
361.01,377.495,0.55
359.156,376.744,0.55
357.303,375.994,0.55
355.449,375.243,0.55
353.595,374.493,0.55
351.743,373.738,0.55
349.901,372.958,0.55
348.06,372.178,0.55
346.218,371.398,0.55
344.377,370.617,0.55
342.535,369.837,0.55
340.693,369.057,0.55
338.852,368.277,0.55
337.01,367.496,0.55
335.169,366.716,0.55
333.327,365.936,0.55
331.486,365.156,0.55
329.644,364.376,0.55
327.803,363.595,0.55
325.957,362.826,0.55
324.098,362.089,0.55
322.239,361.351,0.55
320.38,360.613,0.55
318.521,359.875,0.55
316.662,359.138,0.55
314.803,358.4,0.55
312.944,357.662,0.55
311.085,356.924,0.55
309.226,356.186,0.55
307.367,355.449,0.55
305.508,354.711,0.55
303.649,353.973,0.55
301.79,353.235,0.55
299.931,352.498,0.55
298.072,351.76,0.55
296.214,351.02,0.55
294.357,350.278,0.55
292.5,349.536,0.55
290.643,348.793,0.55
288.785,348.051,0.55
286.928,347.309,0.55
285.071,346.567,0.55
283.214,345.824,0.55
281.357,345.082,0.55
279.5,344.34,0.55
277.643,343.597,0.55
275.785,342.855,0.55
273.934,342.099,0.55
272.089,341.327,0.55
270.244,340.554,0.55
268.4,339.782,0.55
266.555,339.009,0.55
264.71,338.236,0.55
262.865,337.464,0.55
261.021,336.691,0.55
259.207,335.855,0.55
257.464,334.875,0.55
255.72,333.895,0.55
253.977,332.915,0.55
252.233,331.935,0.55
250.485,330.964,0.55
248.736,329.993,0.55
246.988,329.022,0.55
245.239,328.051,0.55
243.71,326.783,0.55
242.263,325.401,0.55
240.817,324.02,0.55
239.371,322.639,0.55
237.924,321.258,0.55
236.733,319.659,0.55
235.597,318.012,0.55
234.462,316.366,0.55
233.326,314.72,0.55
232.247,313.037,0.55
231.212,311.325,0.55
230.178,309.614,0.55
229.143,307.902,0.55
228.466,306.034,0.55
227.911,304.113,0.55
227.356,302.191,0.55
226.802,300.269,0.55
226.247,298.348,0.55
225.663,296.435,0.55
225.059,294.529,0.55
224.456,292.622,0.55
224.051,290.666,0.55
223.705,288.697,0.55
223.359,286.727,0.55
223.013,284.757,0.55
222.911,282.763,0.55
222.857,280.763,0.55
222.804,278.764,0.55
222.752,276.765,0.55
222.819,274.766,0.55
222.886,272.767,0.55
222.952,270.768,0.55
223.019,268.769,0.55
223.175,266.775,0.55
223.339,264.782,0.55
223.503,262.789,0.55
223.667,260.796,0.55
223.881,258.808,0.55
224.188,256.832,0.55
224.495,254.856,0.55
224.83,252.885,0.55
225.258,250.931,0.55
225.687,248.977,0.55
226.115,247.024,0.55
226.544,245.07,0.55
226.994,243.123,0.55
227.573,241.208,0.55
228.153,239.294,0.55
228.732,237.38,0.55
229.311,235.465,0.55
229.923,233.561,0.55
230.56,231.666,0.55
231.197,229.77,0.55
231.834,227.874,0.55
232.488,225.984,0.55
233.145,224.095,0.55
233.843,222.222,0.55
234.627,220.382,0.55
235.411,218.542,0.55
236.194,216.702,0.55
237.021,214.881,0.55
237.855,213.063,0.55
238.69,211.245,0.55
239.565,209.447,0.55
240.46,207.659,0.55
241.355,205.87,0.55
242.251,204.082,0.55
243.152,202.296,0.55
244.052,200.511,0.55
244.953,198.725,0.55
245.854,196.939,0.55
246.881,195.226,0.55
247.963,193.544,0.55
249.044,191.861,0.55
250.126,190.179,0.55
251.207,188.497,0.55
252.289,186.814,0.55
253.457,185.192,0.55
254.653,183.589,0.55
255.848,181.986,0.55
257.042,180.381,0.55
258.167,178.727,0.55
259.292,177.073,0.55
260.416,175.42,0.55
261.541,173.766,0.55
262.703,172.138,0.55
263.871,170.515,0.55
265.04,168.892,0.55
266.21,167.27,0.55
267.449,165.7,0.55
268.689,164.13,0.55
269.928,162.56,0.55
271.167,160.99,0.55
272.406,159.42,0.55
273.646,157.851,0.55
274.899,156.293,0.55
276.153,154.734,0.55
277.406,153.176,0.55
278.659,151.617,0.55
279.948,150.089,0.55
281.308,148.623,0.55
282.668,147.156,0.55
284.028,145.69,0.55
285.388,144.224,0.55
286.748,142.757,0.55
288.108,141.291,0.55
289.469,139.825,0.55
290.834,138.364,0.55
292.237,136.938,0.55
293.64,135.512,0.55
295.043,134.087,0.55
296.511,132.729,0.55
297.988,131.381,0.55
299.466,130.033,0.55
300.951,128.694,0.55
302.459,127.38,0.55
303.967,126.066,0.55
305.474,124.752,0.55
306.982,123.438,0.55
308.363,121.994,0.55
309.721,120.525,0.55
311.079,119.057,0.55
312.436,117.588,0.55
678.742,44.898,0.5
678.138,46.805,0.5
677.535,48.712,0.5
676.931,50.618,0.5
676.328,52.525,0.5
675.724,54.432,0.5
675.12,56.339,0.5
674.517,58.245,0.5
673.913,60.152,0.5
673.31,62.059,0.5
672.706,63.966,0.5
672.102,65.872,0.5
671.499,67.779,0.5
670.895,69.686,0.5
670.292,71.593,0.5
669.666,73.492,0.5
669.029,75.388,0.5
668.393,77.284,0.5
667.756,79.18,0.5
667.12,81.076,0.5
666.483,82.972,0.5
665.847,84.868,0.5
665.21,86.764,0.5
664.574,88.66,0.5
663.937,90.556,0.5
663.26,92.438,0.5
662.562,94.312,0.5
661.864,96.186,0.5
661.166,98.06,0.5
660.468,99.935,0.5
659.77,101.809,0.5
659.071,103.683,0.5
658.373,105.557,0.5
657.675,107.432,0.5
656.977,109.306,0.5
656.279,111.18,0.5
655.581,113.054,0.5
654.883,114.928,0.5
654.185,116.803,0.5
653.487,118.677,0.5
652.789,120.551,0.5
652.091,122.425,0.5
651.393,124.3,0.5
650.716,126.181,0.5
650.057,128.07,0.5
649.398,129.958,0.5
648.74,131.847,0.5
648.081,133.735,0.5
647.422,135.623,0.5
646.763,137.512,0.5
646.105,139.4,0.5
645.446,141.289,0.5
644.787,143.177,0.5
644.128,145.065,0.5
643.47,146.954,0.5
642.811,148.842,0.5
642.152,150.731,0.5
641.493,152.619,0.5
640.834,154.507,0.5
640.176,156.396,0.5
639.517,158.284,0.5
638.858,160.172,0.5
638.207,162.064,0.5
637.572,163.96,0.5
636.937,165.857,0.5
636.302,167.753,0.5
635.667,169.649,0.5
635.032,171.546,0.5
634.396,173.442,0.5
633.761,175.339,0.5
633.126,177.235,0.5
632.491,179.132,0.5
631.856,181.028,0.5
631.221,182.925,0.5
630.585,184.821,0.5
629.95,186.718,0.5
629.311,188.613,0.5
628.666,190.506,0.5
628.022,192.399,0.5
627.378,194.293,0.5
626.734,196.186,0.5
626.09,198.08,0.5
625.432,199.968,0.5
624.692,201.826,0.5
623.952,203.684,0.5
623.212,205.542,0.5
622.472,207.4,0.5
621.732,209.258,0.5
620.992,211.116,0.5
620.252,212.975,0.5
619.512,214.833,0.5
618.705,216.662,0.5
617.884,218.486,0.5
617.062,220.309,0.5
616.241,222.133,0.5
615.42,223.957,0.5
614.599,225.78,0.5
613.739,227.584,0.5
612.75,229.323,0.5
611.761,231.061,0.5
610.772,232.8,0.5
609.784,234.538,0.5
608.795,236.277,0.5
607.806,238.015,0.5
606.817,239.754,0.5
605.829,241.492,0.5
604.84,243.231,0.5
603.851,244.969,0.5
602.862,246.708,0.5
601.86,248.438,0.5
600.792,250.129,0.5
599.723,251.819,0.5
598.655,253.51,0.5
597.586,255.201,0.5
596.517,256.891,0.5
595.449,258.582,0.5
594.34,260.245,0.5
593.174,261.87,0.5
592.008,263.495,0.5
590.842,265.12,0.5
589.675,266.745,0.5
588.509,268.369,0.5
587.343,269.994,0.5
586.177,271.619,0.5
585.01,273.244,0.5
583.844,274.868,0.5
582.678,276.493,0.5
581.512,278.118,0.5
580.259,279.676,0.5
578.99,281.222,0.5
577.721,282.768,0.5
576.451,284.313,0.5
575.182,285.859,0.5
573.913,287.405,0.5
572.644,288.95,0.5
571.374,290.496,0.5
570.105,292.042,0.5
568.836,293.587,0.5
567.567,295.133,0.5
566.297,296.679,0.5
564.994,298.193,0.5
563.566,299.593,0.5
562.137,300.992,0.5
560.708,302.392,0.5
559.28,303.792,0.5
557.851,305.192,0.5
556.423,306.591,0.5
554.994,307.991,0.5
553.566,309.391,0.5
552.096,310.746,0.5
550.589,312.061,0.5
549.083,313.377,0.5
547.577,314.693,0.5
546.071,316.009,0.5
544.564,317.324,0.5
543.058,318.64,0.5
541.552,319.956,0.5
540.046,321.272,0.5
538.539,322.587,0.5
537.033,323.903,0.5
535.527,325.219,0.5
534.021,326.535,0.5
532.514,327.85,0.5
530.967,329.117,0.5
529.402,330.362,0.5
527.836,331.607,0.5
526.271,332.852,0.5
524.706,334.097,0.5
523.141,335.341,0.5
521.575,336.586,0.5
519.989,337.801,0.5
518.288,338.854,0.5
516.587,339.906,0.5
514.887,340.959,0.5
513.186,342.011,0.5
511.486,343.064,0.5
509.785,344.117,0.5
508.084,345.169,0.5
506.384,346.222,0.5
504.683,347.275,0.5
502.983,348.327,0.5
501.282,349.38,0.5
499.582,350.432,0.5
497.833,351.4,0.5
496.062,352.33,0.5
494.291,353.259,0.5
492.52,354.189,0.5
490.749,355.119,0.5
488.978,356.048,0.5
487.208,356.978,0.5
485.437,357.908,0.5
483.666,358.837,0.5
481.895,359.767,0.5
480.124,360.697,0.5
478.287,361.483,0.5
476.433,362.233,0.5
474.579,362.984,0.5
472.726,363.734,0.5
470.872,364.485,0.5
469.018,365.235,0.5
467.164,365.986,0.5
465.281,366.637,0.5
463.318,367.02,0.5
461.355,367.402,0.5
459.391,367.784,0.5
457.428,368.167,0.5
455.465,368.549,0.5
453.502,368.931,0.5
451.538,369.308,0.5
449.551,369.536,0.5
447.564,369.764,0.5
445.577,369.991,0.5
443.59,370.219,0.5
441.603,370.447,0.5
439.616,370.675,0.5
437.629,370.902,0.5
435.64,371.099,0.5
433.64,371.117,0.5
431.64,371.134,0.5
429.641,371.151,0.5
427.641,371.168,0.5
425.641,371.185,0.5
423.641,371.203,0.5
421.641,371.197,0.5
419.645,371.073,0.5
417.649,370.949,0.5
415.653,370.826,0.5
413.657,370.702,0.5
411.661,370.578,0.5
409.664,370.455,0.5
407.668,370.331,0.5
405.687,370.095,0.5
403.731,369.68,0.5
401.774,369.266,0.5
399.818,368.851,0.5
397.861,368.436,0.5
395.905,368.022,0.5
393.971,367.527,0.5
392.093,366.839,0.5
390.215,366.152,0.5
388.337,365.465,0.5
386.458,364.778,0.5
384.626,363.979,0.5
382.809,363.143,0.5
380.993,362.306,0.5
379.176,361.47,0.5
377.359,360.633,0.5
375.543,359.797,0.5
373.726,358.96,0.5
371.909,358.124,0.5
370.093,357.288,0.5
368.276,356.45,0.5
366.46,355.612,0.5
364.644,354.775,0.5
362.828,353.937,0.5
361.012,353.1,0.5
359.196,352.262,0.5
357.384,351.416,0.5
355.722,350.304,0.5
354.059,349.192,0.5
352.397,348.08,0.5
350.735,346.968,0.5
349.073,345.856,0.5
347.41,344.744,0.5
345.748,343.631,0.5
344.086,342.519,0.5
342.541,341.263,0.5
341.121,339.855,0.5
339.701,338.446,0.5
338.282,337.038,0.5
336.862,335.629,0.5
335.442,334.22,0.5
334.022,332.812,0.5
332.602,331.403,0.5
331.203,329.977,0.5
330.019,328.365,0.5
328.835,326.753,0.5
327.651,325.141,0.5
326.467,323.53,0.5
325.283,321.918,0.5
324.099,320.306,0.5
322.934,318.682,0.5
322.011,316.908,0.5
321.089,315.133,0.5
320.166,313.358,0.5
319.244,311.584,0.5
318.321,309.809,0.5
317.688,307.917,0.5
317.105,306.004,0.5
316.521,304.091,0.5
315.938,302.178,0.5
315.355,300.265,0.5
314.771,298.352,0.5
314.252,296.423,0.5
313.926,294.45,0.5
313.599,292.477,0.5
313.272,290.504,0.5
313.204,288.518,0.5
313.33,286.522,0.5
313.456,284.526,0.5
313.582,282.53,0.5
313.707,280.534,0.5
313.833,278.538,0.5
313.959,276.542,0.5
314.356,274.584,0.5
314.79,272.632,0.5
315.223,270.679,0.5
315.657,268.727,0.5
316.09,266.774,0.5
316.623,264.847,0.5
317.17,262.923,0.5
317.717,261,0.5
318.265,259.076,0.5
318.812,257.152,0.5
319.359,255.229,0.5
320.038,253.353,0.5
320.852,251.526,0.5
321.667,249.699,0.5
322.481,247.872,0.5
323.295,246.046,0.5
324.11,244.219,0.5
324.924,242.392,0.5
325.754,240.573,0.5
326.63,238.775,0.5
327.506,236.977,0.5
328.383,235.179,0.5
329.259,233.382,0.5
330.135,231.584,0.5
331.022,229.792,0.5
332.071,228.089,0.5
333.12,226.386,0.5
334.169,224.683,0.5
335.217,222.98,0.5
336.266,221.277,0.5
337.289,219.559,0.5
338.292,217.828,0.5
339.295,216.098,0.5
340.297,214.367,0.5
341.3,212.637,0.5
342.342,210.932,0.5
343.491,209.295,0.5
344.64,207.658,0.5
345.789,206.021,0.5
346.938,204.383,0.5
348.087,202.746,0.5
349.289,201.149,0.5
350.524,199.575,0.5
351.759,198.002,0.5
352.993,196.429,0.5
354.228,194.856,0.5
355.463,193.282,0.5
356.698,191.709,0.5
357.933,190.136,0.5
359.163,188.559,0.5
360.392,186.981,0.5
361.62,185.403,0.5
362.849,183.824,0.5
364.077,182.246,0.5
365.306,180.668,0.5
366.534,179.09,0.5
367.767,177.515,0.5
369.025,175.96,0.5
370.282,174.404,0.5
371.539,172.849,0.5
372.796,171.293,0.5
374.054,169.738,0.5
375.311,168.183,0.5
376.568,166.627,0.5
377.834,165.079,0.5
379.161,163.583,0.5
380.488,162.087,0.5
381.815,160.59,0.5
383.143,159.094,0.5
384.47,157.598,0.5
385.797,156.102,0.5
387.092,154.578,0.5
388.354,153.027,0.5
389.617,151.476,0.5
390.879,149.924,0.5
392.141,148.373,0.5
393.404,146.822,0.5
394.666,145.271,0.5
395.97,143.755,0.5
397.326,142.286,0.5
398.683,140.816,0.5
400.039,139.346,0.5
401.396,137.876,0.5
402.752,136.407,0.5
404.108,134.937,0.5
405.464,133.466,0.5
406.804,131.981,0.5
408.144,130.497,0.5
409.484,129.012,0.5
410.823,127.527,0.5
412.163,126.042,0.5
413.503,124.557,0.5
414.843,123.073,0.5
416.183,121.588,0.5
473.879,174.83,0.45
472.196,175.911,0.45
470.514,176.992,0.45
468.831,178.073,0.45
467.148,179.154,0.45
465.466,180.235,0.45
463.783,181.316,0.45
462.116,182.42,0.45
460.474,183.563,0.45
458.833,184.706,0.45
457.192,185.849,0.45
455.551,186.992,0.45
453.909,188.134,0.45
452.268,189.277,0.45
450.627,190.42,0.45
448.985,191.563,0.45
447.343,192.704,0.45
445.663,193.79,0.45
443.983,194.875,0.45
442.304,195.961,0.45
440.624,197.046,0.45
438.944,198.132,0.45
437.416,199.42,0.45
435.9,200.725,0.45
434.384,202.029,0.45
432.868,203.333,0.45
431.352,204.638,0.45
429.836,205.942,0.45
428.32,207.247,0.45
426.804,208.551,0.45
425.374,209.949,0.45
423.947,211.351,0.45
422.52,212.752,0.45
421.093,214.154,0.45
419.631,215.518,0.45
418.158,216.871,0.45
416.684,218.223,0.45
415.211,219.575,0.45
413.737,220.928,0.45
412.264,222.28,0.45
410.791,223.633,0.45
409.458,225.124,0.45
408.131,226.62,0.45
406.804,228.117,0.45
405.477,229.613,0.45
404.15,231.109,0.45
402.823,232.605,0.45
401.496,234.102,0.45
400.099,235.531,0.45
398.665,236.926,0.45
397.231,238.32,0.45
395.798,239.714,0.45
394.364,241.109,0.45
392.996,242.562,0.45
391.768,244.14,0.45
390.539,245.719,0.45
389.311,247.297,0.45
388.083,248.876,0.45
386.855,250.454,0.45
385.627,252.033,0.45
384.532,253.705,0.45
383.463,255.395,0.45
382.393,257.085,0.45
381.324,258.775,0.45
380.258,260.468,0.45
379.214,262.174,0.45
378.171,263.88,0.45
377.127,265.586,0.45
376.083,267.292,0.45
375.039,268.998,0.45
374.055,270.735,0.45
373.262,272.571,0.45
372.469,274.407,0.45
371.708,276.256,0.45
370.998,278.126,0.45
370.287,279.995,0.45
369.577,281.865,0.45
368.866,283.734,0.45
368.234,285.628,0.45
367.759,287.571,0.45
367.284,289.514,0.45
366.81,291.457,0.45
366.526,293.436,0.45
366.247,295.417,0.45
365.968,297.397,0.45
365.688,299.377,0.45
365.631,301.373,0.45
365.646,303.372,0.45
365.662,305.372,0.45
365.827,307.36,0.45
366.142,309.335,0.45
366.458,311.31,0.45
366.85,313.271,0.45
367.251,315.23,0.45
367.902,317.109,0.45
368.726,318.931,0.45
369.55,320.753,0.45
370.479,322.522,0.45
371.464,324.263,0.45
372.449,326.004,0.45
373.804,327.471,0.45
375.179,328.923,0.45
376.615,330.3,0.45
378.317,331.35,0.45
380.019,332.4,0.45
381.722,333.45,0.45
383.454,334.447,0.45
385.246,335.334,0.45
387.038,336.221,0.45
388.856,337.044,0.45
390.771,337.621,0.45
392.686,338.199,0.45
394.608,338.744,0.45
396.59,339.007,0.45
398.573,339.269,0.45
400.556,339.531,0.45
402.545,339.698,0.45
404.545,339.698,0.45
406.545,339.698,0.45
408.545,339.698,0.45
410.543,339.63,0.45
412.54,339.525,0.45
414.538,339.42,0.45
416.531,339.276,0.45
418.512,338.998,0.45
420.492,338.72,0.45
422.473,338.442,0.45
424.454,338.165,0.45
426.374,337.624,0.45
428.28,337.017,0.45
430.186,336.411,0.45
432.091,335.804,0.45
433.958,335.091,0.45
435.804,334.32,0.45
437.649,333.548,0.45
439.494,332.776,0.45
441.284,331.887,0.45
443.052,330.953,0.45
444.82,330.019,0.45
446.589,329.085,0.45
448.357,328.15,0.45
450.06,327.105,0.45
451.73,326.006,0.45
453.401,324.906,0.45
455.072,323.807,0.45
456.743,322.707,0.45
458.413,321.608,0.45
460.084,320.509,0.45
461.729,319.371,0.45
463.336,318.181,0.45
464.943,316.991,0.45
466.55,315.8,0.45
468.157,314.61,0.45
469.765,313.42,0.45
471.371,312.229,0.45
472.978,311.038,0.45
474.585,309.847,0.45
476.192,308.657,0.45
477.799,307.466,0.45
479.406,306.275,0.45
481.002,305.071,0.45
482.576,303.837,0.45
484.15,302.603,0.45
485.724,301.369,0.45
487.298,300.135,0.45
488.873,298.902,0.45
490.447,297.668,0.45
492.021,296.434,0.45
493.561,295.159,0.45
495.047,293.821,0.45
496.533,292.482,0.45
498.019,291.144,0.45
499.505,289.805,0.45
500.991,288.467,0.45
502.477,287.128,0.45
503.96,285.787,0.45
505.377,284.375,0.45
506.794,282.964,0.45
508.211,281.552,0.45
509.627,280.14,0.45
511.044,278.729,0.45
512.461,277.317,0.45
513.878,275.905,0.45
515.289,274.489,0.45
516.669,273.04,0.45
518.048,271.592,0.45
519.427,270.144,0.45
520.807,268.696,0.45
522.186,267.247,0.45
523.51,265.749,0.45
524.834,264.25,0.45
526.158,262.751,0.45
527.483,261.252,0.45
528.803,259.75,0.45
530.04,258.178,0.45
531.277,256.607,0.45
532.513,255.035,0.45
533.75,253.463,0.45
534.987,251.891,0.45
536.161,250.275,0.45
537.218,248.578,0.45
538.276,246.88,0.45
539.334,245.183,0.45
540.391,243.485,0.45
541.364,241.74,0.45
542.267,239.956,0.45
543.171,238.171,0.45
544.074,236.387,0.45
544.978,234.603,0.45
545.881,232.818,0.45
546.784,231.034,0.45
547.688,229.25,0.45
548.587,227.463,0.45
549.301,225.595,0.45
550.015,223.727,0.45
550.73,221.859,0.45
551.423,219.983,0.45
552.104,218.103,0.45
552.786,216.223,0.45
553.433,214.332,0.45
553.928,212.394,0.45
554.423,210.456,0.45
554.918,208.519,0.45
555.414,206.581,0.45
555.678,204.611,0.45
555.726,202.612,0.45
555.774,200.612,0.45
555.822,198.613,0.45
555.773,196.62,0.45
555.446,194.647,0.45
555.12,192.674,0.45
554.793,190.701,0.45
554.107,188.824,0.45
553.405,186.951,0.45
552.704,185.078,0.45
551.879,183.265,0.45
550.846,181.552,0.45
549.618,179.982,0.45
548.299,178.478,0.45
546.981,176.975,0.45
545.521,175.616,0.45
543.984,174.336,0.45
542.438,173.069,0.45
540.684,172.109,0.45
538.93,171.148,0.45
537.175,170.187,0.45
535.281,169.547,0.45
533.386,168.907,0.45
531.491,168.267,0.45
529.591,167.644,0.45
527.663,167.112,0.45
525.735,166.58,0.45
523.807,166.048,0.45
521.844,165.698,0.45
519.857,165.475,0.45
517.869,165.252,0.45
515.882,165.029,0.45
513.894,164.806,0.45
511.904,164.825,0.45
509.912,165.007,0.45
507.92,165.188,0.45
505.929,165.369,0.45
503.937,165.55,0.45
501.963,165.859,0.45
499.999,166.237,0.45
498.035,166.615,0.45
496.071,166.994,0.45
494.108,167.372,0.45
492.144,167.75,0.45
490.205,168.224,0.45
488.316,168.881,0.45
486.427,169.538,0.45
484.538,170.194,0.45
482.649,170.851,0.45
480.76,171.507,0.45
478.951,172.359,0.45
477.152,173.232,0.45
113.788,466.571,0.6
115.407,467.746,0.6
117.025,468.921,0.6
118.644,470.096,0.6
120.262,471.271,0.6
121.881,472.445,0.6
123.5,473.62,0.6
125.113,474.803,0.6
126.725,475.987,0.6
128.336,477.171,0.6
129.985,478.295,0.6
131.764,479.208,0.6
133.544,480.121,0.6
135.324,481.034,0.6
137.103,481.947,0.6
138.864,482.895,0.6
140.625,483.843,0.6
142.386,484.791,0.6
144.147,485.739,0.6
145.916,486.671,0.6
147.748,487.473,0.6
149.58,488.274,0.6
151.413,489.076,0.6
153.245,489.878,0.6
155.116,490.583,0.6
156.99,491.282,0.6
158.864,491.981,0.6
160.738,492.68,0.6
162.612,493.379,0.6
164.486,494.078,0.6
166.36,494.776,0.6
168.253,495.418,0.6
170.166,496.003,0.6
172.078,496.588,0.6
173.991,497.173,0.6
175.904,497.757,0.6
177.816,498.342,0.6
179.737,498.898,0.6
181.66,499.447,0.6
183.584,499.996,0.6
185.507,500.544,0.6
187.43,501.093,0.6
189.354,501.642,0.6
191.277,502.19,0.6
193.2,502.739,0.6
195.123,503.287,0.6
197.047,503.836,0.6
198.97,504.385,0.6
200.893,504.933,0.6
202.817,505.482,0.6
204.74,506.03,0.6
206.663,506.579,0.6
208.586,507.128,0.6
210.51,507.676,0.6
212.433,508.225,0.6
214.372,508.713,0.6
216.322,509.157,0.6
218.272,509.602,0.6
220.222,510.046,0.6
222.172,510.491,0.6
224.122,510.936,0.6
226.072,511.38,0.6
228.022,511.825,0.6
229.972,512.269,0.6
231.921,512.714,0.6
233.871,513.159,0.6
235.823,513.596,0.6
237.777,514.021,0.6
239.732,514.445,0.6
241.686,514.87,0.6
243.641,515.295,0.6
245.595,515.719,0.6
247.563,516.067,0.6
249.546,516.328,0.6
251.529,516.589,0.6
253.512,516.85,0.6
255.494,517.111,0.6
257.477,517.372,0.6
259.46,517.633,0.6
261.443,517.894,0.6
263.431,518.103,0.6
265.426,518.246,0.6
267.421,518.39,0.6
269.416,518.533,0.6
271.411,518.676,0.6
273.398,518.898,0.6
275.385,519.129,0.6
277.372,519.359,0.6
279.358,519.589,0.6
281.345,519.82,0.6
283.332,520.05,0.6
285.318,520.28,0.6
287.305,520.51,0.6
289.292,520.741,0.6
291.28,520.96,0.6
293.267,521.18,0.6
295.255,521.4,0.6
297.243,521.62,0.6
299.231,521.84,0.6
301.22,522.051,0.6
303.214,522.197,0.6
305.209,522.343,0.6
307.204,522.489,0.6
309.198,522.635,0.6
311.193,522.781,0.6
313.188,522.928,0.6
315.182,523.074,0.6
317.182,523.121,0.6
319.181,523.16,0.6
321.181,523.2,0.6
323.18,523.239,0.6
325.18,523.278,0.6
327.179,523.338,0.6
329.178,523.401,0.6
331.177,523.465,0.6
333.176,523.529,0.6
335.175,523.592,0.6
337.174,523.656,0.6
339.173,523.72,0.6
341.172,523.783,0.6
343.171,523.847,0.6
345.17,523.911,0.6
347.169,523.895,0.6
349.169,523.851,0.6
351.168,523.806,0.6
353.168,523.762,0.6
355.167,523.718,0.6
357.167,523.674,0.6
359.167,523.63,0.6
361.153,523.401,0.6
363.139,523.167,0.6
365.126,522.933,0.6
367.112,522.698,0.6
369.098,522.46,0.6
371.076,522.166,0.6
373.054,521.872,0.6
375.032,521.579,0.6
377.011,521.285,0.6
378.989,520.991,0.6
380.933,520.523,0.6
382.875,520.046,0.6
384.817,519.568,0.6
386.76,519.091,0.6
388.7,518.608,0.6
390.605,517.999,0.6
392.51,517.39,0.6
394.415,516.781,0.6
396.32,516.171,0.6
398.164,515.416,0.6
399.933,514.484,0.6
401.703,513.552,0.6
403.473,512.62,0.6
405.212,511.636,0.6
406.91,510.579,0.6
408.608,509.522,0.6
410.306,508.465,0.6
411.872,507.225,0.6
413.41,505.947,0.6
414.949,504.67,0.6
416.488,503.392,0.6
417.973,502.06,0.6
419.272,500.539,0.6
420.571,499.019,0.6
421.871,497.498,0.6
423.17,495.978,0.6
424.292,494.324,0.6
425.389,492.652,0.6
426.465,490.968,0.6
427.36,489.179,0.6
428.255,487.391,0.6
429.15,485.602,0.6
429.595,483.657,0.6
430.005,481.699,0.6
430.09,479.71,0.6
430.06,477.711,0.6
430.03,475.711,0.6
429.909,473.718,0.6
429.646,471.735,0.6
429.383,469.753,0.6
428.603,467.917,0.6
427.783,466.093,0.6
426.886,464.307,0.6
425.91,462.562,0.6
424.935,460.816,0.6
423.722,459.232,0.6
422.445,457.693,0.6
421.168,456.154,0.6
419.891,454.615,0.6
418.302,453.4,0.6
416.711,452.188,0.6
415.121,450.976,0.6
413.53,449.764,0.6
411.926,448.568,0.6
410.321,447.375,0.6
408.716,446.182,0.6
407.111,444.989,0.6
405.506,443.795,0.6
403.859,442.665,0.6
402.139,441.644,0.6
400.419,440.624,0.6
398.699,439.603,0.6
396.979,438.583,0.6
395.257,437.566,0.6
393.499,436.612,0.6
391.742,435.657,0.6
389.985,434.702,0.6
388.227,433.748,0.6
386.47,432.793,0.6
384.711,431.841,0.6
382.904,430.983,0.6
381.097,430.126,0.6
379.29,429.268,0.6
377.484,428.411,0.6
375.677,427.553,0.6
373.87,426.696,0.6
372.063,425.838,0.6
370.256,424.98,0.6
368.45,424.123,0.6
366.643,423.265,0.6
364.821,422.439,0.6
362.991,421.634,0.6
361.16,420.828,0.6
359.33,420.023,0.6
357.499,419.217,0.6
355.669,418.411,0.6
353.838,417.606,0.6
352.007,416.8,0.6
350.177,415.995,0.6
348.346,415.189,0.6
346.516,414.383,0.6
344.685,413.578,0.6
342.85,412.782,0.6
341.015,411.987,0.6
339.18,411.192,0.6
337.345,410.397,0.6
335.509,409.602,0.6
333.674,408.807,0.6
331.839,408.012,0.6
330.004,407.217,0.6
328.168,406.422,0.6
326.333,405.627,0.6
324.498,404.833,0.6
322.663,404.038,0.6
320.827,403.243,0.6
318.992,402.448,0.6
317.157,401.653,0.6
315.322,400.858,0.6
313.486,400.063,0.6
311.651,399.268,0.6
309.816,398.473,0.6
307.981,397.679,0.6
306.145,396.884,0.6
304.31,396.089,0.6
302.448,395.36,0.6
300.579,394.647,0.6
298.711,393.935,0.6
296.842,393.222,0.6
294.973,392.509,0.6
293.105,391.796,0.6
291.236,391.084,0.6
289.367,390.371,0.6
287.498,389.658,0.6
285.63,388.946,0.6
283.761,388.233,0.6
281.892,387.52,0.6
280.024,386.807,0.6
278.155,386.095,0.6
276.286,385.382,0.6
274.415,384.676,0.6
272.544,383.971,0.6
270.672,383.265,0.6
268.8,382.56,0.6
266.929,381.855,0.6
265.057,381.15,0.6
263.186,380.445,0.6
261.314,379.74,0.6
259.442,379.035,0.6
257.571,378.33,0.6
255.699,377.624,0.6
253.828,376.919,0.6
251.956,376.214,0.6
250.085,375.509,0.6
248.213,374.804,0.6
246.341,374.099,0.6
244.47,373.394,0.6
242.598,372.689,0.6
240.731,371.972,0.6
238.868,371.246,0.6
237.004,370.52,0.6
235.14,369.795,0.6
233.276,369.069,0.6
231.413,368.343,0.6
229.549,367.618,0.6
227.685,366.892,0.6
225.822,366.166,0.6
223.958,365.441,0.6
222.094,364.715,0.6
220.231,363.989,0.6
218.367,363.263,0.6
216.503,362.538,0.6
214.639,361.812,0.6
212.776,361.086,0.6
210.912,360.361,0.6
209.027,359.692,0.6
207.142,359.023,0.6
205.258,358.353,0.6
203.373,357.684,0.6
201.488,357.015,0.6
199.604,356.346,0.6
197.719,355.677,0.6
195.834,355.008,0.6
193.949,354.338,0.6
192.065,353.669,0.6
190.18,353,0.6
188.295,352.331,0.6
186.41,351.662,0.6
184.526,350.993,0.6
182.641,350.323,0.6
180.756,349.654,0.6
178.871,348.985,0.6
176.987,348.316,0.6
175.102,347.647,0.6
173.217,346.978,0.6
686.8,523.498,0.55
685.203,522.294,0.55
683.606,521.091,0.55
682.009,519.887,0.55
680.411,518.683,0.55
678.814,517.48,0.55
677.217,516.276,0.55
675.62,515.072,0.55
674.102,513.782,0.55
672.782,512.28,0.55
671.461,510.778,0.55
670.141,509.276,0.55
668.82,507.774,0.55
667.5,506.272,0.55
666.18,504.77,0.55
664.859,503.267,0.55
663.67,501.661,0.55
662.498,500.04,0.55
661.327,498.419,0.55
660.155,496.798,0.55
658.984,495.177,0.55
657.812,493.556,0.55
656.641,491.935,0.55
655.62,490.215,0.55
654.606,488.491,0.55
653.591,486.768,0.55
652.577,485.044,0.55
651.562,483.321,0.55
650.547,481.597,0.55
649.533,479.874,0.55
648.518,478.15,0.55
647.527,476.415,0.55
646.777,474.561,0.55
646.027,472.707,0.55
645.276,470.853,0.55
644.526,468.999,0.55
643.776,467.145,0.55
643.025,465.292,0.55
642.275,463.438,0.55
641.524,461.584,0.55
640.774,459.73,0.55
640.024,457.876,0.55
639.277,456.021,0.55
638.781,454.083,0.55
638.285,452.146,0.55
637.789,450.208,0.55
637.293,448.271,0.55
636.797,446.333,0.55
636.301,444.396,0.55
635.805,442.458,0.55
635.309,440.521,0.55
634.814,438.583,0.55
634.318,436.645,0.55
633.822,434.708,0.55
633.326,432.77,0.55
632.83,430.833,0.55
632.429,428.876,0.55
632.127,426.899,0.55
631.826,424.922,0.55
631.525,422.945,0.55
631.223,420.967,0.55
630.922,418.99,0.55
630.621,417.013,0.55
630.319,415.036,0.55
630.018,413.059,0.55
629.717,411.082,0.55
629.536,409.092,0.55
629.422,407.095,0.55
629.308,405.098,0.55
629.195,403.101,0.55
629.081,401.105,0.55
628.967,399.108,0.55
628.853,397.111,0.55
628.739,395.114,0.55
628.625,393.118,0.55
628.511,391.121,0.55
628.44,389.124,0.55
628.508,387.125,0.55
628.577,385.126,0.55
628.646,383.127,0.55
628.714,381.128,0.55
628.783,379.13,0.55
628.851,377.131,0.55
628.92,375.132,0.55
628.989,373.133,0.55
629.057,371.134,0.55
629.143,369.137,0.55
629.325,367.145,0.55
629.507,365.153,0.55
629.689,363.161,0.55
629.871,361.17,0.55
630.053,359.178,0.55
630.235,357.186,0.55
630.417,355.195,0.55
630.599,353.203,0.55
630.781,351.211,0.55
630.963,349.22,0.55
631.197,347.235,0.55
631.555,345.267,0.55
631.913,343.3,0.55
632.271,341.332,0.55
632.63,339.364,0.55
632.988,337.397,0.55
633.346,335.429,0.55
633.704,333.461,0.55
634.062,331.494,0.55
634.42,329.526,0.55
634.779,327.558,0.55
635.146,325.592,0.55
635.523,323.628,0.55
635.899,321.664,0.55
636.276,319.7,0.55
636.652,317.735,0.55
637.028,315.771,0.55
637.405,313.807,0.55
637.844,311.857,0.55
638.365,309.926,0.55
638.886,307.995,0.55
639.407,306.064,0.55
639.928,304.133,0.55
640.449,302.202,0.55
640.97,300.271,0.55
641.491,298.34,0.55
642.012,296.409,0.55
642.539,294.48,0.55
643.079,292.554,0.55
643.618,290.628,0.55
644.157,288.702,0.55
644.697,286.777,0.55
645.236,284.851,0.55
645.775,282.925,0.55
646.315,280.999,0.55
646.876,279.08,0.55
647.506,277.181,0.55
648.136,275.283,0.55
648.765,273.385,0.55
649.395,271.487,0.55
650.025,269.588,0.55
650.655,267.69,0.55
651.284,265.792,0.55
651.914,263.894,0.55
652.544,261.995,0.55
653.272,260.134,0.55
654.048,258.291,0.55
654.824,256.448,0.55
655.601,254.604,0.55
656.377,252.761,0.55
657.153,250.918,0.55
657.929,249.075,0.55
658.705,247.231,0.55
659.481,245.388,0.55
660.257,243.545,0.55
661.034,241.701,0.55
661.754,239.836,0.55
662.452,237.962,0.55
663.15,236.088,0.55
663.848,234.213,0.55
664.546,232.339,0.55
665.244,230.465,0.55
665.942,228.591,0.55
666.64,226.716,0.55
667.338,224.842,0.55
668.058,222.976,0.55
668.789,221.115,0.55
669.521,219.254,0.55
670.253,217.392,0.55
670.985,215.531,0.55
671.717,213.67,0.55
672.449,211.809,0.55
673.181,209.947,0.55
673.954,208.104,0.55
674.789,206.286,0.55
675.624,204.469,0.55
676.458,202.651,0.55
677.293,200.834,0.55
678.128,199.016,0.55
678.963,197.199,0.55
679.797,195.381,0.55
680.598,193.549,0.55
681.362,191.701,0.55
682.126,189.852,0.55
682.889,188.004,0.55
683.653,186.155,0.55
684.432,184.313,0.55
685.289,182.507,0.55
686.146,180.7,0.55
687.004,178.893,0.55
687.861,177.086,0.55
688.719,175.279,0.55
689.576,173.472,0.55
690.464,171.68,0.55
691.359,169.892,0.55
692.254,168.103,0.55
693.149,166.314,0.55
694.044,164.526,0.55
694.939,162.737,0.55
695.873,160.97,0.55
696.897,159.252,0.55
697.921,157.534,0.55
698.945,155.816,0.55
699.969,154.098,0.55
700.993,152.38,0.55
702.017,150.662,0.55
703.041,148.944,0.55
704.065,147.226,0.55
705.089,145.508,0.55
706.113,143.791,0.55
707.137,142.073,0.55
708.19,140.372,0.55
709.261,138.683,0.55
710.331,136.993,0.55
711.401,135.304,0.55
712.472,133.614,0.55
713.542,131.925,0.55
714.612,130.236,0.55
715.683,128.546,0.55
716.753,126.856,0.55
717.822,125.166,0.55
718.891,123.476,0.55
719.96,121.786,0.55
721.03,120.096,0.55
722.099,118.405,0.55
723.168,116.715,0.55
724.237,115.025,0.55
725.307,113.335,0.55
726.381,111.648,0.55
727.473,109.972,0.55
728.564,108.296,0.55
729.656,106.62,0.55
730.747,104.944,0.55
731.839,103.269,0.55
732.93,101.593,0.55
734.022,99.917,0.55
735.237,98.33,0.55
736.48,96.763,0.55
737.724,95.197,0.55
738.967,93.63,0.55
740.21,92.063,0.55
741.453,90.497,0.55
742.696,88.93,0.55
743.94,87.363,0.55
745.183,85.797,0.55
746.426,84.23,0.55
747.687,82.678,0.55
748.948,81.126,0.55
750.21,79.574,0.55
751.472,78.022,0.55
752.734,76.47,0.55
753.996,74.919,0.55
755.257,73.367,0.55
756.62,71.904,0.55
758.004,70.461,0.55
759.388,69.017,0.55
760.773,67.574,0.55
762.157,66.13,0.55
763.541,64.687,0.55
764.915,63.233,0.55
766.256,61.749,0.55
767.597,60.266,0.55
768.938,58.782,0.55
770.279,57.298,0.55
771.62,55.815,0.55
772.962,54.331,0.55
774.303,52.847,0.55
762.144,485.928,0.6
760.621,484.632,0.6
759.098,483.336,0.6
757.575,482.04,0.6
756.051,480.744,0.6
754.528,479.448,0.6
753.005,478.152,0.6
751.5,476.836,0.6
750.04,475.469,0.6
748.579,474.102,0.6
747.119,472.736,0.6
745.659,471.369,0.6
744.199,470.002,0.6
742.739,468.635,0.6
741.278,467.269,0.6
739.818,465.902,0.6
738.469,464.432,0.6
737.207,462.88,0.6
735.945,461.329,0.6
734.684,459.777,0.6
733.422,458.225,0.6
732.16,456.673,0.6
730.899,455.121,0.6
729.637,453.569,0.6
728.559,451.89,0.6
727.547,450.165,0.6
726.534,448.44,0.6
725.522,446.715,0.6
724.51,444.99,0.6
723.498,443.265,0.6
722.532,441.516,0.6
721.649,439.721,0.6
720.767,437.926,0.6
719.885,436.131,0.6
719.002,434.336,0.6
718.12,432.541,0.6
717.418,430.67,0.6
716.744,428.787,0.6
716.07,426.904,0.6
715.395,425.021,0.6
714.721,423.139,0.6
714.047,421.256,0.6
713.372,419.373,0.6
712.79,417.46,0.6
712.234,415.539,0.6
711.679,413.618,0.6
711.123,411.696,0.6
710.749,409.735,0.6
710.444,407.758,0.6
710.139,405.782,0.6
709.834,403.805,0.6
709.529,401.829,0.6
709.224,399.852,0.6
709.065,397.864,0.6
709.061,395.864,0.6
709.057,393.864,0.6
709.053,391.864,0.6
709.049,389.864,0.6
709.045,387.864,0.6
709.041,385.864,0.6
709.038,383.864,0.6
709.339,381.888,0.6
709.65,379.912,0.6
709.962,377.936,0.6
710.273,375.961,0.6
710.584,373.985,0.6
710.896,372.01,0.6
711.207,370.034,0.6
711.518,368.058,0.6
711.83,366.083,0.6
712.132,364.106,0.6
712.404,362.124,0.6
712.676,360.143,0.6
712.948,358.161,0.6
713.258,356.187,0.6
713.748,354.248,0.6
714.237,352.309,0.6
714.727,350.37,0.6
715.217,348.431,0.6
715.706,346.492,0.6
716.196,344.553,0.6
716.771,342.637,0.6
717.356,340.725,0.6
717.941,338.812,0.6
718.564,336.915,0.6
719.445,335.119,0.6
720.326,333.324,0.6
721.207,331.528,0.6
722.089,329.733,0.6
723.048,327.98,0.6
724.062,326.256,0.6
725.075,324.532,0.6
726.106,322.819,0.6
727.305,321.218,0.6
728.504,319.618,0.6
729.704,318.017,0.6
730.903,316.416,0.6
732.102,314.816,0.6
733.385,313.286,0.6
734.774,311.847,0.6
736.162,310.408,0.6
737.551,308.969,0.6
738.94,307.529,0.6
740.328,306.09,0.6
741.755,304.691,0.6
743.266,303.38,0.6
744.776,302.069,0.6
746.287,300.759,0.6
747.798,299.448,0.6
749.309,298.138,0.6
750.819,296.827,0.6
752.33,295.517,0.6
753.841,294.206,0.6
755.403,292.959,0.6
757.006,291.763,0.6
758.608,290.566,0.6
760.211,289.37,0.6
761.813,288.173,0.6
763.416,286.976,0.6
765.092,285.896,0.6
766.86,284.961,0.6
768.628,284.026,0.6
770.396,283.092,0.6
772.164,282.157,0.6
773.932,281.222,0.6
775.701,280.287,0.6
777.469,279.353,0.6
779.237,278.418,0.6
562.701,559.904,0.55
561.203,558.58,0.55
559.657,557.312,0.55
558.11,556.044,0.55
556.568,554.77,0.55
555.034,553.487,0.55
553.501,552.203,0.55
551.967,550.919,0.55
550.434,549.635,0.55
548.846,548.423,0.55
547.196,547.293,0.55
545.545,546.163,0.55
543.895,545.033,0.55
542.245,543.904,0.55
540.594,542.774,0.55
538.881,541.753,0.55
537.079,540.886,0.55
535.276,540.02,0.55
533.474,539.153,0.55
531.671,538.287,0.55
529.862,537.433,0.55
528.041,536.608,0.55
526.219,535.783,0.55
524.397,534.957,0.55
522.575,534.132,0.55
520.742,533.336,0.55
518.867,532.64,0.55
516.992,531.943,0.55
515.117,531.246,0.55
513.242,530.55,0.55
511.368,529.853,0.55
509.493,529.157,0.55
507.569,528.621,0.55
505.624,528.157,0.55
503.678,527.694,0.55
501.722,527.305,0.55
499.725,527.19,0.55
497.728,527.075,0.55
495.732,526.96,0.55
493.753,527.088,0.55
491.794,527.493,0.55
489.836,527.898,0.55
487.877,528.303,0.55
485.918,528.708,0.55
484.061,529.431,0.55
482.227,530.229,0.55
480.392,531.026,0.55
478.71,532.071,0.55
477.174,533.35,0.55
475.773,534.757,0.55
474.612,536.385,0.55
473.45,538.013,0.55
472.888,539.924,0.55
472.372,541.856,0.55
471.856,543.789,0.55
471.632,545.754,0.55
471.698,547.753,0.55
471.764,549.752,0.55
471.83,551.751,0.55
471.974,553.743,0.55
472.286,555.718,0.55
472.598,557.693,0.55
473.027,559.645,0.55
473.512,561.586,0.55
473.997,563.526,0.55
474.482,565.466,0.55
475.026,567.39,0.55
475.595,569.307,0.55
476.181,571.219,0.55
476.965,573.059,0.55
477.75,574.898,0.55
478.643,576.683,0.55
479.659,578.406,0.55
480.675,580.129,0.55
481.691,581.851,0.55
482.707,583.574,0.55
483.839,585.223,0.55
484.978,586.866,0.55
486.118,588.51,0.55
487.341,590.09,0.55
488.621,591.627,0.55
489.9,593.164,0.55
491.155,594.721,0.55
492.374,596.307,0.55
493.592,597.893,0.55
494.811,599.479,0.55
496.029,601.065,0.55
497.259,602.641,0.55
498.529,604.186,0.55
499.799,605.732,0.55
501.069,607.277,0.55
502.338,608.822,0.55
503.608,610.367,0.55
504.859,611.928,0.55
506.101,613.495,0.55
507.343,615.063,0.55
508.586,616.63,0.55
509.828,618.198,0.55
511.07,619.765,0.55
512.312,621.332,0.55
513.555,622.9,0.55
514.896,624.382,0.55
516.261,625.844,0.55
517.626,627.305,0.55
518.991,628.767,0.55
520.357,630.229,0.55
521.772,631.64,0.55
523.226,633.014,0.55
524.68,634.387,0.55
526.134,635.76,0.55
527.588,637.134,0.55
529.041,638.507,0.55
530.495,639.881,0.55
531.949,641.254,0.55
533.403,642.627,0.55
534.857,644.001,0.55
536.311,645.374,0.55
537.739,646.775,0.55
539.161,648.181,0.55
540.583,649.587,0.55
542.006,650.993,0.55
543.428,652.399,0.55
544.851,653.805,0.55
546.273,655.21,0.55
547.823,656.473,0.55
549.389,657.717,0.55
550.955,658.961,0.55
552.521,660.205,0.55
554.087,661.449,0.55
555.652,662.693,0.55
557.218,663.938,0.55
558.784,665.182,0.55
560.52,666.151,0.55
562.334,666.993,0.55
564.148,667.834,0.55
565.963,668.676,0.55
567.777,669.517,0.55
569.592,670.358,0.55
571.406,671.2,0.55
573.278,671.878,0.55
575.22,672.354,0.55
577.163,672.83,0.55
579.105,673.307,0.55
581.048,673.782,0.55
583.029,674.057,0.55
585.01,674.331,0.55
586.996,674.54,0.55
588.996,674.583,0.55
590.995,674.627,0.55
592.952,674.333,0.55
594.876,673.788,0.55
596.8,673.243,0.55
598.458,672.156,0.55
600.063,670.963,0.55
601.668,669.77,0.55
602.953,668.247,0.55
604.191,666.677,0.55
605.43,665.106,0.55
606.496,663.415,0.55
607.547,661.714,0.55
608.599,660.012,0.55
609.65,658.311,0.55
610.203,656.421,0.55
610.54,654.45,0.55
610.878,652.479,0.55
611.216,650.507,0.55
611.548,648.535,0.55
611.753,646.546,0.55
611.958,644.556,0.55
612.081,642.569,0.55
611.768,640.593,0.55
611.456,638.618,0.55
611.144,636.643,0.55
610.832,634.667,0.55
610.47,632.702,0.55
609.957,630.769,0.55
609.443,628.836,0.55
608.93,626.903,0.55
608.416,624.97,0.55
607.881,623.044,0.55
607.165,621.177,0.55
606.45,619.309,0.55
605.721,617.447,0.55
604.985,615.587,0.55
604.249,613.727,0.55
603.513,611.868,0.55
602.642,610.068,0.55
601.747,608.28,0.55
600.852,606.491,0.55
599.957,604.703,0.55
599.062,602.914,0.55
597.965,601.247,0.55
596.803,599.619,0.55
595.641,597.991,0.55
594.479,596.364,0.55
593.317,594.736,0.55
592.155,593.108,0.55
590.993,591.48,0.55
589.831,589.853,0.55
588.669,588.225,0.55
587.464,586.63,0.55
586.216,585.067,0.55
584.968,583.503,0.55
583.721,581.94,0.55
582.473,580.377,0.55
581.226,578.814,0.55
579.907,577.311,0.55
578.562,575.831,0.55
577.218,574.35,0.55
575.873,572.869,0.55
574.534,571.384,0.55
573.198,569.896,0.55
571.862,568.407,0.55
570.526,566.919,0.55
569.148,565.473,0.55
567.632,564.169,0.55
566.115,562.865,0.55
564.599,561.562,0.55
