230.664,209.024,0.75
232.053,210.464,0.75
233.442,211.903,0.75
234.831,213.342,0.75
236.22,214.781,0.75
237.608,216.22,0.75
239.078,217.571,0.75
240.625,218.839,0.75
242.172,220.107,0.75
243.719,221.375,0.75
245.266,222.643,0.75
246.859,223.84,0.75
248.622,224.786,0.75
250.384,225.732,0.75
252.146,226.677,0.75
253.95,227.528,0.75
255.849,228.154,0.75
257.748,228.781,0.75
259.647,229.408,0.75
261.598,229.83,0.75
263.568,230.177,0.75
265.537,230.524,0.75
267.537,230.534,0.75
269.537,230.534,0.75
271.537,230.534,0.75
273.509,230.206,0.75
275.48,229.868,0.75
277.451,229.53,0.75
279.422,229.192,0.75
281.354,228.689,0.75
283.261,228.088,0.75
285.169,227.487,0.75
287.076,226.885,0.75
288.911,226.098,0.75
290.725,225.254,0.75
292.538,224.41,0.75
294.333,223.533,0.75
296.012,222.447,0.75
297.691,221.36,0.75
299.37,220.274,0.75
301.049,219.187,0.75
302.619,217.961,0.75
304.073,216.588,0.75
305.527,215.214,0.75
306.917,213.783,0.75
308.143,212.203,0.75
309.368,210.622,0.75
310.594,209.042,0.75
311.699,207.382,0.75
312.668,205.632,0.75
313.636,203.882,0.75
314.484,202.079,0.75
315.122,200.184,0.75
315.76,198.288,0.75
316.399,196.393,0.75
316.698,194.421,0.75
316.941,192.435,0.75
317.193,190.451,0.75
317.454,188.468,0.75
317.589,186.476,0.75
317.615,184.477,0.75
317.641,182.477,0.75
317.667,180.477,0.75
317.693,178.477,0.75
317.566,176.485,0.75
317.343,174.497,0.75
317.12,172.51,0.75
316.897,170.522,0.75
316.673,168.535,0.75
316.26,166.589,0.75
315.623,164.694,0.75
314.985,162.798,0.75
314.348,160.902,0.75
313.672,159.021,0.75
312.926,157.165,0.75
312.18,155.309,0.75
311.434,153.454,0.75
310.64,151.619,0.75
309.798,149.805,0.75
308.955,147.991,0.75
308.112,146.178,0.75
307.269,144.364,0.75
306.347,142.592,0.75
305.3,140.888,0.75
304.253,139.184,0.75
303.185,137.494,0.75
302.075,135.83,0.75
300.965,134.167,0.75
299.855,132.503,0.75
298.706,130.866,0.75
297.526,129.252,0.75
296.346,127.637,0.75
800.132,53.284,0.7
798.672,54.651,0.7
797.212,56.018,0.7
795.752,57.384,0.7
794.291,58.751,0.7
792.831,60.118,0.7
791.371,61.484,0.7
789.911,62.851,0.7
788.45,64.218,0.7
786.99,65.584,0.7
785.529,66.949,0.7
784.056,68.302,0.7
782.583,69.656,0.7
781.11,71.009,0.7
779.637,72.362,0.7
778.164,73.715,0.7
776.692,75.068,0.7
775.219,76.421,0.7
773.746,77.774,0.7
772.273,79.127,0.7
770.8,80.48,0.7
769.328,81.833,0.7
767.855,83.186,0.7
766.382,84.539,0.7
764.915,85.899,0.7
763.487,87.299,0.7
762.058,88.698,0.7
760.63,90.098,0.7
759.201,91.498,0.7
757.772,92.897,0.7
756.344,94.297,0.7
754.915,95.697,0.7
753.487,97.096,0.7
752.058,98.496,0.7
750.63,99.896,0.7
749.233,101.327,0.7
747.836,102.759,0.7
746.439,104.19,0.7
745.042,105.622,0.7
743.646,107.053,0.7
742.249,108.484,0.7
740.852,109.916,0.7
739.455,111.347,0.7
738.058,112.779,0.7
736.662,114.21,0.7
735.265,115.641,0.7
733.868,117.073,0.7
732.471,118.504,0.7
731.074,119.936,0.7
729.672,121.361,0.7
728.257,122.775,0.7
726.842,124.189,0.7
725.427,125.602,0.7
724.013,127.016,0.7
722.598,128.43,0.7
721.183,129.843,0.7
719.807,131.294,0.7
718.445,132.759,0.7
717.083,134.223,0.7
715.721,135.688,0.7
714.359,137.152,0.7
712.997,138.617,0.7
711.634,140.081,0.7
710.272,141.546,0.7
708.91,143.01,0.7
707.548,144.474,0.7
706.186,145.939,0.7
704.824,147.403,0.7
703.51,148.911,0.7
702.232,150.449,0.7
700.953,151.986,0.7
699.674,153.524,0.7
698.405,155.07,0.7
697.14,156.619,0.7
695.876,158.169,0.7
694.611,159.718,0.7
693.347,161.268,0.7
692.082,162.817,0.7
690.817,164.366,0.7
689.553,165.916,0.7
688.288,167.465,0.7
687.025,169.016,0.7
685.809,170.604,0.7
684.593,172.191,0.7
683.376,173.779,0.7
682.16,175.367,0.7
680.944,176.955,0.7
679.728,178.542,0.7
678.512,180.13,0.7
677.296,181.718,0.7
676.129,183.342,0.7
674.966,184.969,0.7
673.803,186.596,0.7
672.64,188.223,0.7
671.477,189.851,0.7
670.314,191.478,0.7
669.151,193.105,0.7
667.988,194.732,0.7
666.825,196.359,0.7
665.695,198.009,0.7
664.574,199.666,0.7
663.453,201.322,0.7
662.332,202.978,0.7
661.211,204.634,0.7
660.09,206.291,0.7
658.969,207.947,0.7
657.848,209.603,0.7
656.727,211.26,0.7
655.612,212.92,0.7
654.5,214.582,0.7
653.387,216.244,0.7
652.275,217.906,0.7
651.162,219.568,0.7
650.05,221.23,0.7
648.937,222.892,0.7
647.825,224.554,0.7
646.712,226.216,0.7
645.6,227.878,0.7
644.498,229.547,0.7
643.4,231.219,0.7
642.302,232.891,0.7
641.204,234.563,0.7
640.106,236.234,0.7
639.008,237.906,0.7
637.91,239.578,0.7
636.813,241.249,0.7
635.714,242.921,0.7
634.61,244.588,0.7
633.506,246.256,0.7
632.402,247.923,0.7
631.298,249.591,0.7
630.193,251.259,0.7
629.089,252.926,0.7
627.985,254.594,0.7
626.881,256.262,0.7
625.777,257.929,0.7
624.485,259.456,0.7
623.192,260.982,0.7
621.899,262.507,0.7
620.606,264.033,0.7
619.313,265.559,0.7
618.021,267.086,0.7
616.735,268.617,0.7
615.449,270.149,0.7
614.162,271.68,0.7
612.876,273.212,0.7
611.59,274.743,0.7
610.304,276.275,0.7
609.017,277.807,0.7
607.731,279.338,0.7
606.445,280.87,0.7
605.159,282.401,0.7
603.851,283.913,0.7
602.43,285.321,0.7
601.01,286.728,0.7
599.589,288.136,0.7
598.169,289.544,0.7
596.748,290.952,0.7
595.327,292.36,0.7
593.907,293.767,0.7
592.449,295.136,0.7
590.955,296.465,0.7
589.461,297.795,0.7
587.966,299.124,0.7
586.472,300.453,0.7
584.977,301.782,0.7
583.483,303.111,0.7
581.989,304.441,0.7
580.494,305.77,0.7
579,307.099,0.7
577.446,308.357,0.7
575.871,309.589,0.7
574.295,310.821,0.7
572.72,312.053,0.7
571.144,313.285,0.7
569.569,314.517,0.7
567.977,315.726,0.7
566.304,316.822,0.7
564.63,317.917,0.7
562.957,319.013,0.7
561.284,320.109,0.7
559.611,321.204,0.7
557.937,322.3,0.7
556.264,323.395,0.7
554.591,324.491,0.7
552.918,325.586,0.7
551.241,326.677,0.7
549.502,327.663,0.7
547.762,328.65,0.7
546.022,329.636,0.7
544.282,330.623,0.7
542.542,331.609,0.7
540.803,332.596,0.7
539.063,333.582,0.7
537.323,334.568,0.7
535.583,335.555,0.7
533.754,336.358,0.7
531.907,337.126,0.7
530.061,337.895,0.7
528.214,338.663,0.7
526.368,339.432,0.7
524.521,340.2,0.7
522.675,340.969,0.7
520.828,341.737,0.7
518.982,342.506,0.7
517.135,343.274,0.7
515.289,344.042,0.7
513.442,344.811,0.7
511.596,345.579,0.7
509.749,346.348,0.7
507.903,347.116,0.7
506.024,347.796,0.7
504.111,348.379,0.7
502.198,348.962,0.7
500.285,349.546,0.7
498.372,350.129,0.7
496.459,350.713,0.7
494.546,351.296,0.7
492.631,351.871,0.7
490.707,352.418,0.7
488.783,352.964,0.7
486.859,353.511,0.7
484.936,354.058,0.7
483.012,354.605,0.7
481.088,355.152,0.7
479.164,355.699,0.7
477.24,356.246,0.7
475.317,356.793,0.7
473.393,357.339,0.7
471.469,357.886,0.7
469.545,358.433,0.7
467.611,358.935,0.7
465.641,359.276,0.7
463.67,359.617,0.7
461.699,359.957,0.7
459.728,360.298,0.7
457.757,360.639,0.7
455.787,360.979,0.7
453.816,361.32,0.7
451.845,361.661,0.7
449.874,362.001,0.7
447.904,362.342,0.7
445.926,362.633,0.7
443.938,362.85,0.7
441.949,363.067,0.7
439.961,363.284,0.7
437.973,363.5,0.7
435.985,363.717,0.7
433.997,363.934,0.7
432.008,364.15,0.7
430.02,364.367,0.7
428.032,364.584,0.7
426.044,364.801,0.7
424.054,365.002,0.7
422.063,365.193,0.7
420.072,365.384,0.7
418.081,365.574,0.7
416.09,365.765,0.7
414.1,365.956,0.7
412.109,366.147,0.7
410.118,366.338,0.7
408.127,366.529,0.7
406.136,366.72,0.7
404.145,366.911,0.7
402.152,367.068,0.7
400.154,367.151,0.7
398.155,367.235,0.7
396.157,367.318,0.7
394.159,367.402,0.7
392.161,367.485,0.7
390.162,367.569,0.7
388.164,367.652,0.7
386.166,367.736,0.7
384.168,367.819,0.7
382.169,367.903,0.7
380.171,367.986,0.7
378.173,368.066,0.7
376.174,368.142,0.7
374.176,368.217,0.7
372.177,368.293,0.7
370.178,368.368,0.7
368.18,368.443,0.7
366.181,368.519,0.7
364.183,368.594,0.7
362.184,368.67,0.7
360.186,368.745,0.7
358.187,368.821,0.7
356.188,368.896,0.7
354.19,368.972,0.7
352.191,369.047,0.7
350.193,369.123,0.7
348.194,369.198,0.7
346.196,369.274,0.7
344.197,369.349,0.7
342.198,369.409,0.7
340.199,369.463,0.7
338.199,369.517,0.7
336.2,369.571,0.7
334.201,369.625,0.7
332.202,369.679,0.7
330.202,369.733,0.7
328.203,369.787,0.7
326.204,369.841,0.7
324.204,369.895,0.7
322.205,369.959,0.7
320.207,370.026,0.7
318.208,370.093,0.7
316.209,370.16,0.7
314.21,370.228,0.7
312.211,370.295,0.7
310.212,370.362,0.7
308.213,370.429,0.7
306.215,370.496,0.7
304.217,370.49,0.7
302.221,370.361,0.7
300.225,370.232,0.7
298.229,370.103,0.7
296.233,369.974,0.7
294.238,369.845,0.7
292.242,369.716,0.7
290.246,369.587,0.7
288.25,369.458,0.7
286.254,369.329,0.7
284.258,369.199,0.7
282.263,369.07,0.7
280.274,368.873,0.7
278.296,368.58,0.7
276.317,368.288,0.7
274.339,367.996,0.7
272.36,367.703,0.7
270.382,367.411,0.7
268.403,367.118,0.7
266.425,366.826,0.7
264.453,366.493,0.7
262.483,366.145,0.7
260.514,365.797,0.7
258.544,365.449,0.7
256.575,365.101,0.7
254.605,364.753,0.7
252.636,364.405,0.7
250.666,364.057,0.7
248.697,363.709,0.7
246.807,363.084,0.7
244.952,362.335,0.7
243.098,361.586,0.7
241.244,360.836,0.7
239.389,360.087,0.7
237.535,359.338,0.7
235.687,358.574,0.7
233.904,357.668,0.7
232.121,356.762,0.7
230.338,355.856,0.7
228.555,354.95,0.7
226.772,354.044,0.7
225.001,353.116,0.7
223.308,352.053,0.7
221.614,350.99,0.7
219.92,349.926,0.7
218.226,348.863,0.7
216.532,347.8,0.7
214.838,346.737,0.7
213.144,345.673,0.7
211.651,344.355,0.7
210.223,342.954,0.7
208.796,341.554,0.7
207.525,340.04,0.7
206.638,338.247,0.7
205.751,336.455,0.7
204.864,334.662,0.7
203.977,332.87,0.7
203.589,330.934,0.7
203.389,328.944,0.7
203.19,326.953,0.7
202.99,324.963,0.7
203,322.968,0.7
203.104,320.971,0.7
203.256,318.984,0.7
203.961,317.113,0.7
204.667,315.241,0.7
205.373,313.37,0.7
206.305,311.606,0.7
207.307,309.875,0.7
208.308,308.144,0.7
209.381,306.458,0.7
210.544,304.831,0.7
211.706,303.203,0.7
212.957,301.652,0.7
214.382,300.248,0.7
215.808,298.845,0.7
217.233,297.442,0.7
218.671,296.056,0.7
220.38,295.017,0.7
222.089,293.977,0.7
223.797,292.938,0.7
225.506,291.899,0.7
227.221,290.87,0.7
228.961,289.883,0.7
230.701,288.897,0.7
232.44,287.91,0.7
234.213,286.989,0.7
236.04,286.175,0.7
237.867,285.361,0.7
239.694,284.547,0.7
241.54,283.783,0.7
243.434,283.141,0.7
245.328,282.499,0.7
247.222,281.857,0.7
249.116,281.214,0.7
251.011,280.572,0.7
252.936,280.031,0.7
254.862,279.492,0.7
256.788,278.954,0.7
258.714,278.415,0.7
260.64,277.877,0.7
262.566,277.338,0.7
264.493,276.8,0.7
266.422,276.274,0.7
268.373,275.836,0.7
270.325,275.398,0.7
272.276,274.96,0.7
274.228,274.521,0.7
276.179,274.083,0.7
278.13,273.645,0.7
280.082,273.207,0.7
282.049,272.847,0.7
284.018,272.499,0.7
285.988,272.151,0.7
287.957,271.803,0.7
289.927,271.455,0.7
291.896,271.107,0.7
293.878,270.839,0.7
295.861,270.577,0.7
297.844,270.315,0.7
299.827,270.053,0.7
301.809,269.791,0.7
303.796,269.567,0.7
305.788,269.388,0.7
307.78,269.21,0.7
309.772,269.032,0.7
311.764,268.854,0.7
313.756,268.675,0.7
315.743,268.448,0.7
317.72,268.146,0.7
319.697,267.844,0.7
321.674,267.542,0.7
323.651,267.241,0.7
325.628,266.939,0.7
327.605,266.637,0.7
329.582,266.335,0.7
331.568,266.097,0.7
333.555,265.868,0.7
335.541,265.639,0.7
337.528,265.409,0.7
339.511,265.152,0.7
341.471,264.754,0.7
343.43,264.356,0.7
345.39,263.957,0.7
347.35,263.559,0.7
349.31,263.161,0.7
351.256,262.698,0.7
353.196,262.213,0.7
355.136,261.728,0.7
357.077,261.243,0.7
359.017,260.759,0.7
360.957,260.274,0.7
362.877,259.72,0.7
364.772,259.08,0.7
366.667,258.439,0.7
368.562,257.799,0.7
370.456,257.158,0.7
372.351,256.518,0.7
374.246,255.878,0.7
376.096,255.119,0.7
377.946,254.359,0.7
379.796,253.599,0.7
381.646,252.839,0.7
383.439,251.96,0.7
385.185,250.986,0.7
386.932,250.011,0.7
388.678,249.036,0.7
390.424,248.061,0.7
392.17,247.086,0.7
393.917,246.111,0.7
395.663,245.136,0.7
397.409,244.161,0.7
399.1,243.102,0.7
400.675,241.87,0.7
402.25,240.637,0.7
403.825,239.405,0.7
405.4,238.172,0.7
406.975,236.94,0.7
408.515,235.666,0.7
409.961,234.284,0.7
411.406,232.902,0.7
412.852,231.521,0.7
414.298,230.139,0.7
415.744,228.757,0.7
417.046,227.249,0.7
418.231,225.637,0.7
419.416,224.026,0.7
420.601,222.415,0.7
421.786,220.804,0.7
422.971,219.193,0.7
424.039,217.506,0.7
425.009,215.758,0.7
425.979,214.009,0.7
426.95,212.26,0.7
427.92,210.511,0.7
428.753,208.704,0.7
429.338,206.791,0.7
429.922,204.879,0.7
430.507,202.966,0.7
431.091,201.053,0.7
431.676,199.141,0.7
432.214,197.217,0.7
432.566,195.248,0.7
432.918,193.279,0.7
433.271,191.311,0.7
433.623,189.342,0.7
433.975,187.373,0.7
434.328,185.404,0.7
434.608,183.425,0.7
434.831,181.438,0.7
435.055,179.45,0.7
435.278,177.463,0.7
435.476,175.474,0.7
435.494,173.474,0.7
435.513,171.474,0.7
435.531,169.474,0.7
435.55,167.474,0.7
435.498,165.478,0.7
435.257,163.493,0.7
435.015,161.507,0.7
434.773,159.522,0.7
434.53,157.537,0.7
434.284,155.552,0.7
434.037,153.567,0.7
433.79,151.583,0.7
433.544,149.598,0.7
433.297,147.613,0.7
433.05,145.628,0.7
432.751,143.653,0.7
432.289,141.707,0.7
431.828,139.761,0.7
431.367,137.815,0.7
430.906,135.869,0.7
430.445,133.923,0.7
429.984,131.977,0.7
429.523,130.03,0.7
429.062,128.084,0.7
428.601,126.138,0.7
428.14,124.192,0.7
427.634,122.257,0.7
427.109,120.327,0.7
426.585,118.397,0.7
426.06,116.467,0.7
425.536,114.537,0.7
425.011,112.607,0.7
424.487,110.677,0.7
423.835,108.789,0.7
423.122,106.92,0.7
422.409,105.052,0.7
421.695,103.183,0.7
420.982,101.315,0.7
617.619,33.202,0.6
616.63,34.941,0.6
615.64,36.679,0.6
614.651,38.417,0.6
613.662,40.155,0.6
612.472,41.762,0.6
611.279,43.368,0.6
610.087,44.974,0.6
608.895,46.58,0.6
607.702,48.185,0.6
606.363,49.661,0.6
604.921,51.048,0.6
603.48,52.435,0.6
602.039,53.822,0.6
600.598,55.208,0.6
599.103,56.532,0.6
597.509,57.74,0.6
595.915,58.948,0.6
594.32,60.155,0.6
592.726,61.363,0.6
591.132,62.57,0.6
589.397,63.563,0.6
587.649,64.533,0.6
585.9,65.504,0.6
584.151,66.475,0.6
582.403,67.446,0.6
580.654,68.416,0.6
578.858,69.285,0.6
576.997,70.019,0.6
575.136,70.752,0.6
573.275,71.485,0.6
571.415,72.218,0.6
569.544,72.917,0.6
567.574,73.261,0.6
565.604,73.605,0.6
563.634,73.949,0.6
561.663,74.293,0.6
559.693,74.637,0.6
557.723,74.981,0.6
555.753,75.325,0.6
553.765,75.271,0.6
551.773,75.1,0.6
549.78,74.929,0.6
547.787,74.759,0.6
545.794,74.588,0.6
543.841,74.169,0.6
541.895,73.71,0.6
539.948,73.251,0.6
538.002,72.791,0.6
536.055,72.332,0.6
534.256,71.502,0.6
532.525,70.5,0.6
530.794,69.499,0.6
529.062,68.497,0.6
527.331,67.496,0.6
525.6,66.494,0.6
524.014,65.297,0.6
522.549,63.935,0.6
521.085,62.573,0.6
519.621,61.21,0.6
518.156,59.848,0.6
454.502,102.758,0.65
455.181,104.639,0.65
455.861,106.52,0.65
456.541,108.401,0.65
457.22,110.282,0.65
457.9,112.163,0.65
458.619,114.027,0.65
459.484,115.831,0.65
460.349,117.634,0.65
461.214,119.437,0.65
462.079,121.24,0.65
463.21,122.87,0.65
464.516,124.385,0.65
465.822,125.9,0.65
467.127,127.414,0.65
468.433,128.929,0.65
469.739,130.444,0.65
471.09,131.916,0.65
472.533,133.301,0.65
473.975,134.687,0.65
475.417,136.073,0.65
476.859,137.459,0.65
478.301,138.844,0.65
479.784,140.177,0.65
481.508,141.19,0.65
483.233,142.203,0.65
484.957,143.216,0.65
486.682,144.229,0.65
488.406,145.242,0.65
490.131,146.255,0.65
491.956,147.072,0.65
493.785,147.88,0.65
495.614,148.689,0.65
497.449,149.48,0.65
499.39,149.965,0.65
501.33,150.45,0.65
503.27,150.934,0.65
505.211,151.419,0.65
507.151,151.904,0.65
509.091,152.389,0.65
511.044,152.82,0.65
513,153.24,0.65
514.955,153.659,0.65
516.911,154.079,0.65
518.866,154.499,0.65
520.822,154.919,0.65
522.791,155.265,0.65
524.765,155.589,0.65
526.738,155.913,0.65
528.712,156.237,0.65
530.685,156.561,0.65
532.682,156.573,0.65
534.682,156.549,0.65
536.682,156.524,0.65
538.682,156.499,0.65
540.682,156.475,0.65
542.681,156.436,0.65
544.68,156.368,0.65
546.679,156.301,0.65
548.678,156.233,0.65
550.677,156.166,0.65
552.671,156.047,0.65
554.651,155.762,0.65
556.63,155.478,0.65
558.61,155.193,0.65
560.59,154.909,0.65
562.569,154.624,0.65
564.52,154.184,0.65
566.468,153.733,0.65
568.416,153.281,0.65
570.346,152.766,0.65
572.218,152.062,0.65
574.09,151.358,0.65
575.962,150.655,0.65
577.834,149.951,0.65
579.706,149.247,0.65
581.578,148.544,0.65
583.45,147.84,0.65
585.307,147.104,0.65
587.032,146.092,0.65
588.758,145.081,0.65
590.483,144.07,0.65
592.209,143.058,0.65
593.934,142.047,0.65
595.66,141.036,0.65
597.385,140.025,0.65
599.111,139.013,0.65
600.744,137.864,0.65
602.331,136.648,0.65
603.919,135.431,0.65
605.506,134.215,0.65
607.094,132.999,0.65
608.682,131.783,0.65
610.269,130.566,0.65
611.857,129.35,0.65
613.329,128,0.65
614.762,126.605,0.65
616.194,125.209,0.65
617.626,123.813,0.65
619.058,122.417,0.65
620.491,121.021,0.65
621.923,119.625,0.65
623.308,118.183,0.65
624.674,116.721,0.65
626.039,115.26,0.65
627.404,113.798,0.65
628.769,112.337,0.65
630.134,110.875,0.65
631.499,109.413,0.65
632.865,107.952,0.65
634.23,106.49,0.65
635.595,105.029,0.65
636.96,103.567,0.65
638.325,102.105,0.65
639.691,100.644,0.65
640.989,99.123,0.65
642.268,97.586,0.65
643.548,96.049,0.65
644.827,94.512,0.65
646.107,92.975,0.65
647.386,91.437,0.65
648.666,89.9,0.65
649.931,88.352,0.65
651.084,86.718,0.65
652.237,85.083,0.65
653.39,83.449,0.65
654.543,81.815,0.65
655.696,80.181,0.65
656.849,78.547,0.65
658.002,76.912,0.65
659.155,75.278,0.65
660.308,73.644,0.65
661.461,72.01,0.65
662.614,70.376,0.65
663.762,68.738,0.65
664.894,67.089,0.65
666.025,65.44,0.65
667.157,63.791,0.65
668.289,62.142,0.65
669.42,60.493,0.65
670.552,58.844,0.65
671.683,57.195,0.65
672.815,55.546,0.65
673.947,53.897,0.65
675.078,52.248,0.65
676.21,50.599,0.65
677.28,48.912,0.65
678.239,47.157,0.65
679.199,45.402,0.65
680.158,43.647,0.65
681.117,41.892,0.65
682.076,40.137,0.65
683.035,38.382,0.65
683.995,36.627,0.65
684.954,34.872,0.65
685.913,33.117,0.65
466.882,247.25,0.65
468.531,246.118,0.65
470.18,244.987,0.65
471.799,243.815,0.65
473.371,242.578,0.65
474.943,241.342,0.65
476.515,240.106,0.65
478.087,238.869,0.65
479.659,237.633,0.65
481.231,236.397,0.65
482.804,235.16,0.65
484.376,233.924,0.65
485.948,232.687,0.65
487.52,231.451,0.65
489.063,230.179,0.65
490.597,228.896,0.65
492.132,227.613,0.65
493.713,226.39,0.65
495.324,225.205,0.65
496.935,224.02,0.65
498.546,222.835,0.65
500.045,221.521,0.65
501.448,220.095,0.65
502.851,218.67,0.65
504.254,217.244,0.65
505.657,215.819,0.65
507.06,214.393,0.65
508.463,212.968,0.65
509.834,211.513,0.65
511.146,210.004,0.65
512.458,208.495,0.65
513.771,206.985,0.65
515.099,205.492,0.65
516.554,204.12,0.65
518.01,202.748,0.65
519.465,201.376,0.65
520.921,200.004,0.65
522.405,198.667,0.65
524.003,197.465,0.65
525.601,196.262,0.65
527.199,195.059,0.65
528.797,193.857,0.65
530.395,192.654,0.65
532.12,191.645,0.65
533.862,190.662,0.65
535.604,189.679,0.65
537.345,188.696,0.65
539.095,187.729,0.65
540.872,186.811,0.65
542.733,186.111,0.65
544.668,185.604,0.65
546.607,185.125,0.65
548.603,185.004,0.65
550.6,184.882,0.65
552.595,184.923,0.65
554.591,185.055,0.65
556.587,185.187,0.65
558.47,185.838,0.65
560.343,186.541,0.65
562.187,187.312,0.65
564.008,188.138,0.65
565.772,189.057,0.65
567.32,190.323,0.65
568.662,191.8,0.65
569.855,193.392,0.65
570.77,195.171,0.65
571.565,197.003,0.65
572.273,198.873,0.65
572.941,200.756,0.65
573.466,202.686,0.65
573.992,204.616,0.65
574.517,206.546,0.65
574.851,208.513,0.65
575.083,210.499,0.65
575.315,212.486,0.65
575.508,214.475,0.65
575.525,216.474,0.65
575.541,218.474,0.65
575.558,220.474,0.65
575.523,222.47,0.65
575.171,224.439,0.65
574.792,226.402,0.65
574.321,228.346,0.65
573.85,230.289,0.65
573.379,232.233,0.65
572.808,234.15,0.65
572.234,236.066,0.65
571.659,237.981,0.65
571.061,239.889,0.65
570.434,241.789,0.65
569.808,243.688,0.65
569.079,245.547,0.65
568.239,247.362,0.65
567.399,249.177,0.65
566.56,250.993,0.65
565.613,252.75,0.65
564.558,254.449,0.65
563.503,256.149,0.65
562.449,257.848,0.65
561.394,259.547,0.65
560.264,261.194,0.65
559.035,262.772,0.65
557.806,264.349,0.65
556.576,265.927,0.65
555.374,267.524,0.65
554.293,269.206,0.65
553.212,270.889,0.65
552.13,272.571,0.65
551.049,274.254,0.65
549.879,275.867,0.65
548.504,277.319,0.65
547.129,278.772,0.65
545.755,280.225,0.65
544.38,281.677,0.65
542.968,283.094,0.65
541.554,284.508,0.65
540.139,285.921,0.65
538.724,287.335,0.65
537.228,288.661,0.65
535.713,289.967,0.65
534.198,291.272,0.65
532.683,292.578,0.65
531.168,293.884,0.65
529.653,295.19,0.65
528.153,296.512,0.65
526.674,297.859,0.65
525.195,299.205,0.65
523.717,300.552,0.65
522.238,301.898,0.65
520.759,303.245,0.65
519.28,304.591,0.65
517.801,305.938,0.65
516.323,307.284,0.65
514.765,308.538,0.65
513.19,309.77,0.65
511.616,311.003,0.65
510.041,312.236,0.65
508.466,313.469,0.65
506.903,314.717,0.65
505.349,315.976,0.65
503.795,317.236,0.65
502.242,318.495,0.65
500.52,319.49,0.65
498.721,320.363,0.65
496.928,321.249,0.65
495.156,322.177,0.65
493.384,323.105,0.65
491.613,324.033,0.65
489.841,324.961,0.65
488.069,325.889,0.65
486.297,326.817,0.65
484.526,327.745,0.65
482.754,328.673,0.65
480.982,329.6,0.65
479.211,330.528,0.65
477.439,331.456,0.65
475.667,332.384,0.65
473.895,333.312,0.65
472.087,334.164,0.65
470.265,334.99,0.65
468.444,335.817,0.65
466.623,336.643,0.65
464.801,337.469,0.65
462.98,338.295,0.65
461.153,339.108,0.65
459.277,339.8,0.65
457.4,340.492,0.65
455.524,341.184,0.65
453.647,341.876,0.65
451.77,342.568,0.65
449.894,343.26,0.65
447.997,343.89,0.65
446.075,344.443,0.65
444.153,344.996,0.65
442.231,345.549,0.65
440.309,346.101,0.65
438.387,346.654,0.65
436.465,347.207,0.65
434.543,347.76,0.65
432.593,348.19,0.65
430.622,348.529,0.65
428.651,348.868,0.65
426.679,349.207,0.65
424.708,349.546,0.65
422.737,349.885,0.65
420.766,350.224,0.65
418.79,350.529,0.65
416.802,350.747,0.65
414.814,350.965,0.65
412.826,351.183,0.65
410.838,351.401,0.65
408.85,351.619,0.65
406.862,351.837,0.65
404.874,352.055,0.65
402.886,352.274,0.65
400.898,352.492,0.65
398.91,352.711,0.65
396.922,352.932,0.65
394.934,353.154,0.65
392.947,353.376,0.65
390.959,353.598,0.65
388.972,353.82,0.65
386.982,353.995,0.65
384.983,353.943,0.65
382.983,353.89,0.65
380.984,353.838,0.65
378.985,353.785,0.65
376.987,353.711,0.65
375.009,353.415,0.65
373.031,353.119,0.65
371.053,352.823,0.65
369.075,352.527,0.65
367.097,352.232,0.65
365.119,351.936,0.65
363.17,351.489,0.65
361.224,351.03,0.65
359.277,350.571,0.65
357.33,350.113,0.65
355.418,349.532,0.65
353.521,348.9,0.65
351.623,348.268,0.65
349.736,347.609,0.65
347.934,346.743,0.65
346.131,345.878,0.65
344.328,345.012,0.65
342.525,344.146,0.65
340.722,343.281,0.65
339.011,342.266,0.65
337.436,341.034,0.65
335.86,339.802,0.65
334.285,338.57,0.65
332.709,337.338,0.65
331.134,336.106,0.65
329.864,334.576,0.65
328.67,332.971,0.65
327.475,331.367,0.65
326.4,329.69,0.65
325.511,327.898,0.65
324.623,326.106,0.65
323.734,324.315,0.65
322.912,322.503,0.65
322.672,320.518,0.65
322.431,318.532,0.65
322.212,316.547,0.65
322.481,314.565,0.65
322.788,312.596,0.65
323.765,310.85,0.65
324.786,309.134,0.65
325.983,307.531,0.65
327.179,305.929,0.65
328.488,304.427,0.65
329.957,303.07,0.65
331.426,301.713,0.65
333.1,300.618,0.65
334.774,299.524,0.65
336.448,298.431,0.65
338.123,297.337,0.65
339.899,296.421,0.65
341.693,295.537,0.65
343.487,294.654,0.65
345.281,293.77,0.65
347.076,292.887,0.65
348.87,292.003,0.65
350.669,291.13,0.65
352.514,290.358,0.65
354.359,289.585,0.65
356.203,288.813,0.65
358.048,288.041,0.65
359.893,287.268,0.65
361.738,286.496,0.65
363.583,285.724,0.65
365.428,284.951,0.65
367.272,284.179,0.65
369.179,283.575,0.65
371.09,282.985,0.65
373,282.395,0.65
374.911,281.805,0.65
376.822,281.215,0.65
378.733,280.623,0.65
380.641,280.023,0.65
382.549,279.423,0.65
384.457,278.824,0.65
386.365,278.224,0.65
388.273,277.624,0.65
390.181,277.024,0.65
392.089,276.425,0.65
394.018,275.9,0.65
395.96,275.423,0.65
397.902,274.947,0.65
399.845,274.47,0.65
401.787,273.993,0.65
403.729,273.517,0.65
405.672,273.04,0.65
407.612,272.554,0.65
409.534,272.003,0.65
411.457,271.452,0.65
413.379,270.901,0.65
415.302,270.35,0.65
417.224,269.799,0.65
419.151,269.262,0.65
421.08,268.732,0.65
423.008,268.202,0.65
424.936,267.671,0.65
426.851,267.094,0.65
428.752,266.472,0.65
430.652,265.85,0.65
432.553,265.229,0.65
434.454,264.607,0.65
436.313,263.875,0.65
438.142,263.066,0.65
439.971,262.257,0.65
441.8,261.448,0.65
443.629,260.639,0.65
445.458,259.83,0.65
447.258,258.958,0.65
449.055,258.08,0.65
450.849,257.195,0.65
452.642,256.309,0.65
454.435,255.423,0.65
456.228,254.537,0.65
457.961,253.551,0.65
459.593,252.395,0.65
461.225,251.239,0.65
462.857,250.083,0.65
464.49,248.927,0.65
459.565,275.914,0.6
461.4,275.117,0.6
463.203,274.268,0.6
464.796,273.057,0.6
466.388,271.847,0.6
467.971,270.625,0.6
469.497,269.333,0.6
471.029,268.047,0.6
472.595,266.803,0.6
474.161,265.559,0.6
475.727,264.315,0.6
477.293,263.071,0.6
478.859,261.827,0.6
480.302,260.443,0.6
481.743,259.055,0.6
483.183,257.668,0.6
484.623,256.28,0.6
486.064,254.892,0.6
487.504,253.505,0.6
488.944,252.117,0.6
490.385,250.73,0.6
491.947,249.485,0.6
493.539,248.274,0.6
495.131,247.064,0.6
496.84,246.028,0.6
498.598,245.081,0.6
500.448,244.321,0.6
502.298,243.561,0.6
504.143,242.79,0.6
505.972,241.982,0.6
507.802,241.173,0.6
509.633,240.371,0.6
511.624,240.188,0.6
513.616,240.019,0.6
515.604,240.238,0.6
517.592,240.457,0.6
519.548,240.794,0.6
521.373,241.611,0.6
523.105,242.575,0.6
524.617,243.884,0.6
526.016,245.289,0.6
527.069,246.99,0.6
528.121,248.69,0.6
528.974,250.498,0.6
529.573,252.387,0.6
529.88,254.363,0.6
529.987,256.359,0.6
529.944,258.346,0.6
529.541,260.305,0.6
529.142,262.265,0.6
528.724,264.22,0.6
528.143,266.134,0.6
527.477,268.015,0.6
526.661,269.842,0.6
525.78,271.633,0.6
524.721,273.329,0.6
523.662,275.026,0.6
522.563,276.697,0.6
521.444,278.354,0.6
520.325,280.012,0.6
519.207,281.67,0.6
518.088,283.328,0.6
516.969,284.986,0.6
515.788,286.598,0.6
514.566,288.182,0.6
513.344,289.765,0.6
512.122,291.349,0.6
510.837,292.876,0.6
509.423,294.29,0.6
508.009,295.705,0.6
506.595,297.119,0.6
505.181,298.534,0.6
503.767,299.948,0.6
502.353,301.362,0.6
500.652,302.388,0.6
498.882,303.319,0.6
497.112,304.251,0.6
495.386,305.257,0.6
493.698,306.331,0.6
492.011,307.404,0.6
490.323,308.477,0.6
488.635,309.55,0.6
486.948,310.623,0.6
485.26,311.697,0.6
483.538,312.71,0.6
481.772,313.65,0.6
480.007,314.59,0.6
478.242,315.53,0.6
476.476,316.47,0.6
474.711,317.41,0.6
472.945,318.35,0.6
471.134,319.194,0.6
469.293,319.975,0.6
467.452,320.757,0.6
465.612,321.539,0.6
463.771,322.321,0.6
461.898,323.02,0.6
460.014,323.694,0.6
458.131,324.368,0.6
456.248,325.042,0.6
454.333,325.612,0.6
452.403,326.137,0.6
450.473,326.662,0.6
448.543,327.187,0.6
446.613,327.712,0.6
444.684,328.238,0.6
442.749,328.742,0.6
440.775,329.059,0.6
438.8,329.376,0.6
436.825,329.693,0.6
434.85,330.01,0.6
432.866,330.216,0.6
430.866,330.237,0.6
428.867,330.258,0.6
426.867,330.278,0.6
424.867,330.299,0.6
422.874,330.212,0.6
420.894,329.93,0.6
418.914,329.647,0.6
416.934,329.364,0.6
414.965,329.019,0.6
413.007,328.612,0.6
411.049,328.205,0.6
409.091,327.799,0.6
407.197,327.199,0.6
405.384,326.353,0.6
403.572,325.506,0.6
401.796,324.588,0.6
400.028,323.653,0.6
398.308,322.641,0.6
396.688,321.468,0.6
395.068,320.295,0.6
393.726,318.824,0.6
392.442,317.29,0.6
391.354,315.618,0.6
390.325,313.903,0.6
389.655,312.028,0.6
389.264,310.102,0.6
389.587,308.128,0.6
389.909,306.155,0.6
390.65,304.326,0.6
391.619,302.577,0.6
392.886,301.09,0.6
394.504,299.915,0.6
396.123,298.741,0.6
397.86,297.757,0.6
399.632,296.829,0.6
401.452,296.023,0.6
403.377,295.478,0.6
405.301,294.933,0.6
407.225,294.388,0.6
409.15,293.843,0.6
411.074,293.298,0.6
413.011,292.803,0.6
414.958,292.344,0.6
416.904,291.886,0.6
418.851,291.427,0.6
420.798,290.971,0.6
422.746,290.517,0.6
424.694,290.062,0.6
426.638,289.594,0.6
428.56,289.042,0.6
430.482,288.489,0.6
432.404,287.934,0.6
434.312,287.334,0.6
436.22,286.734,0.6
438.127,286.134,0.6
439.992,285.417,0.6
441.83,284.63,0.6
443.669,283.842,0.6
445.507,283.055,0.6
447.346,282.268,0.6
449.158,281.423,0.6
450.95,280.535,0.6
452.742,279.646,0.6
454.533,278.757,0.6
456.325,277.869,0.6
805.956,587.149,0.75
803.974,586.88,0.75
801.992,586.611,0.75
800.01,586.342,0.75
798.028,586.073,0.75
796.047,585.803,0.75
794.065,585.534,0.75
792.083,585.265,0.75
790.101,584.996,0.75
788.119,584.727,0.75
786.138,584.458,0.75
784.156,584.189,0.75
782.174,583.92,0.75
780.196,583.628,0.75
778.228,583.271,0.75
776.26,582.913,0.75
774.292,582.556,0.75
772.325,582.198,0.75
770.357,581.84,0.75
768.389,581.483,0.75
766.421,581.125,0.75
764.454,580.767,0.75
762.486,580.41,0.75
760.518,580.052,0.75
758.55,579.694,0.75
756.578,579.362,0.75
754.604,579.039,0.75
752.631,578.717,0.75
750.657,578.394,0.75
748.683,578.071,0.75
746.709,577.749,0.75
744.735,577.426,0.75
742.762,577.103,0.75
740.792,576.757,0.75
738.848,576.29,0.75
736.903,575.822,0.75
734.959,575.354,0.75
733.014,574.886,0.75
731.07,574.419,0.75
729.157,573.847,0.75
727.28,573.156,0.75
725.403,572.464,0.75
723.527,571.773,0.75
721.65,571.082,0.75
719.773,570.39,0.75
717.896,569.699,0.75
716.02,569.008,0.75
714.143,568.316,0.75
712.266,567.625,0.75
710.39,566.934,0.75
708.513,566.242,0.75
706.636,565.551,0.75
704.759,564.86,0.75
702.883,564.168,0.75
701.006,563.477,0.75
699.129,562.786,0.75
697.275,562.038,0.75
695.443,561.237,0.75
693.61,560.436,0.75
691.777,559.636,0.75
689.944,558.835,0.75
688.112,558.035,0.75
686.279,557.234,0.75
684.446,556.433,0.75
682.613,555.633,0.75
680.78,554.832,0.75
678.979,553.971,0.75
677.255,552.957,0.75
675.531,551.943,0.75
673.807,550.929,0.75
672.083,549.916,0.75
670.359,548.902,0.75
668.635,547.888,0.75
666.911,546.874,0.75
665.187,545.86,0.75
663.463,544.846,0.75
661.739,543.832,0.75
660.015,542.818,0.75
658.441,541.589,0.75
656.889,540.327,0.75
655.337,539.065,0.75
653.786,537.803,0.75
652.234,536.541,0.75
650.683,535.28,0.75
649.131,534.018,0.75
647.579,532.756,0.75
646.028,531.494,0.75
644.476,530.232,0.75
642.996,528.888,0.75
641.548,527.509,0.75
640.1,526.13,0.75
638.651,524.75,0.75
637.203,523.371,0.75
635.755,521.992,0.75
634.307,520.612,0.75
632.858,519.233,0.75
631.41,517.854,0.75
630.195,516.282,0.75
629.115,514.599,0.75
628.035,512.915,0.75
626.956,511.232,0.75
625.876,509.548,0.75
624.796,507.865,0.75
623.716,506.181,0.75
622.637,504.498,0.75
621.557,502.814,0.75
620.477,501.131,0.75
619.63,499.325,0.75
618.858,497.48,0.75
618.086,495.635,0.75
617.314,493.79,0.75
616.542,491.945,0.75
615.77,490.1,0.75
614.998,488.255,0.75
614.396,486.348,0.75
613.797,484.44,0.75
613.198,482.532,0.75
612.599,480.624,0.75
612,478.715,0.75
611.401,476.807,0.75
610.802,474.899,0.75
610.203,472.991,0.75
609.604,471.083,0.75
609.153,469.139,0.75
608.814,467.168,0.75
608.475,465.197,0.75
608.136,463.225,0.75
607.797,461.254,0.75
607.458,459.283,0.75
607.119,457.312,0.75
606.781,455.341,0.75
606.477,453.367,0.75
606.511,451.368,0.75
606.545,449.368,0.75
606.578,447.368,0.75
606.612,445.368,0.75
606.646,443.369,0.75
606.679,441.369,0.75
606.905,439.384,0.75
607.173,437.402,0.75
607.441,435.42,0.75
607.709,433.438,0.75
607.977,431.456,0.75
608.269,429.479,0.75
608.817,427.555,0.75
609.364,425.632,0.75
609.912,423.708,0.75
610.459,421.785,0.75
611.007,419.861,0.75
611.635,417.967,0.75
612.47,416.15,0.75
613.305,414.333,0.75
614.141,412.516,0.75
614.976,410.698,0.75
615.85,408.901,0.75
616.845,407.166,0.75
617.84,405.431,0.75
618.835,403.696,0.75
619.829,401.961,0.75
620.824,400.226,0.75
621.926,398.56,0.75
623.108,396.947,0.75
624.289,395.333,0.75
625.471,393.72,0.75
626.652,392.106,0.75
627.87,390.52,0.75
629.149,388.983,0.75
630.428,387.445,0.75
631.707,385.908,0.75
632.986,384.37,0.75
634.266,382.833,0.75
635.701,381.443,0.75
637.166,380.082,0.75
638.631,378.721,0.75
640.096,377.359,0.75
641.561,375.998,0.75
643.027,374.636,0.75
644.492,373.275,0.75
645.957,371.914,0.75
647.422,370.552,0.75
648.894,369.199,0.75
650.54,368.063,0.75
652.186,366.928,0.75
653.832,365.792,0.75
655.479,364.656,0.75
657.125,363.52,0.75
658.793,362.417,0.75
660.467,361.323,0.75
662.141,360.228,0.75
663.815,359.133,0.75
665.488,358.039,0.75
667.162,356.944,0.75
668.839,355.855,0.75
670.563,354.84,0.75
672.287,353.825,0.75
674.01,352.811,0.75
675.734,351.796,0.75
677.457,350.782,0.75
679.197,349.798,0.75
680.979,348.889,0.75
682.761,347.981,0.75
684.543,347.072,0.75
686.325,346.164,0.75
688.106,345.256,0.75
689.888,344.347,0.75
691.67,343.439,0.75
693.452,342.53,0.75
695.255,341.666,0.75
697.063,340.811,0.75
698.871,339.956,0.75
700.679,339.1,0.75
702.487,338.245,0.75
704.295,337.39,0.75
706.103,336.535,0.75
707.911,335.679,0.75
709.719,334.824,0.75
711.527,333.969,0.75
713.341,333.129,0.75
715.188,332.362,0.75
717.036,331.596,0.75
718.883,330.829,0.75
720.73,330.063,0.75
722.578,329.296,0.75
724.425,328.53,0.75
726.272,327.763,0.75
728.13,327.024,0.75
730.006,326.33,0.75
731.881,325.635,0.75
733.757,324.94,0.75
735.632,324.246,0.75
737.508,323.551,0.75
739.384,322.858,0.75
741.272,322.199,0.75
743.161,321.541,0.75
745.049,320.882,0.75
746.938,320.224,0.75
748.826,319.565,0.75
750.715,318.907,0.75
752.603,318.248,0.75
754.492,317.59,0.75
756.38,316.931,0.75
758.268,316.273,0.75
760.164,315.634,0.75
762.063,315.007,0.75
763.962,314.38,0.75
765.862,313.754,0.75
767.761,313.127,0.75
769.66,312.5,0.75
771.588,311.97,0.75
773.519,311.45,0.75
775.451,310.931,0.75
777.382,310.411,0.75
779.313,309.892,0.75
781.245,309.372,0.75
783.176,308.852,0.75
785.107,308.333,0.75
787.039,307.813,0.75
788.976,307.319,0.75
790.934,306.909,0.75
792.891,306.498,0.75
794.848,306.087,0.75
796.806,305.676,0.75
781.254,671.793,0.7
780.196,670.095,0.7
779.139,668.398,0.7
778.081,666.701,0.7
777.023,665.003,0.7
775.965,663.306,0.7
774.908,661.608,0.7
773.85,659.911,0.7
772.792,658.213,0.7
771.735,656.516,0.7
770.677,654.818,0.7
769.514,653.194,0.7
768.299,651.605,0.7
767.085,650.016,0.7
765.87,648.427,0.7
764.656,646.838,0.7
763.442,645.249,0.7
762.227,643.66,0.7
761.013,642.07,0.7
759.671,640.588,0.7
758.321,639.112,0.7
756.972,637.636,0.7
755.622,636.16,0.7
754.273,634.684,0.7
752.923,633.208,0.7
751.574,631.731,0.7
750.196,630.283,0.7
748.757,628.894,0.7
747.318,627.505,0.7
745.879,626.116,0.7
744.356,624.819,0.7
742.833,623.523,0.7
741.297,622.244,0.7
739.616,621.161,0.7
737.935,620.078,0.7
736.254,618.994,0.7
734.434,618.177,0.7
732.585,617.414,0.7
730.686,616.786,0.7
728.786,616.162,0.7
726.81,615.854,0.7
724.833,615.562,0.7
722.836,615.677,0.7
720.849,615.849,0.7
718.929,616.408,0.7
717.03,617.025,0.7
715.207,617.847,0.7
713.511,618.894,0.7
711.875,620.044,0.7
710.323,621.305,0.7
708.771,622.566,0.7
707.409,624.004,0.7
706.274,625.65,0.7
705.139,627.297,0.7
704.282,629.103,0.7
703.44,630.917,0.7
702.778,632.797,0.7
702.243,634.724,0.7
701.72,636.655,0.7
701.235,638.595,0.7
701.087,640.573,0.7
701.125,642.573,0.7
701.229,644.57,0.7
701.378,646.564,0.7
701.79,648.515,0.7
702.284,650.454,0.7
702.778,652.392,0.7
703.362,654.301,0.7
704.091,656.163,0.7
704.82,658.025,0.7
705.55,659.887,0.7
706.285,661.747,0.7
707.045,663.597,0.7
707.806,665.447,0.7
708.566,667.297,0.7
709.462,669.083,0.7
710.401,670.849,0.7
711.34,672.615,0.7
712.279,674.381,0.7
713.354,676.063,0.7
714.499,677.703,0.7
715.645,679.342,0.7
101.085,469.65,0.75
103.039,470.074,0.75
104.994,470.498,0.75
106.948,470.923,0.75
108.903,471.347,0.75
110.857,471.771,0.75
112.812,472.195,0.75
114.766,472.62,0.75
116.721,473.044,0.75
118.675,473.468,0.75
120.63,473.893,0.75
122.584,474.317,0.75
124.539,474.741,0.75
126.493,475.167,0.75
128.444,475.605,0.75
130.395,476.044,0.75
132.347,476.483,0.75
134.298,476.921,0.75
136.249,477.36,0.75
138.201,477.799,0.75
140.152,478.238,0.75
142.103,478.676,0.75
144.055,479.115,0.75
146.006,479.554,0.75
147.957,479.992,0.75
149.908,480.431,0.75
151.86,480.87,0.75
153.811,481.309,0.75
155.76,481.755,0.75
157.71,482.204,0.75
159.659,482.652,0.75
161.608,483.101,0.75
163.557,483.549,0.75
165.506,483.997,0.75
167.455,484.446,0.75
169.404,484.894,0.75
171.353,485.343,0.75
173.302,485.791,0.75
175.251,486.24,0.75
177.2,486.688,0.75
179.149,487.137,0.75
181.098,487.585,0.75
183.047,488.034,0.75
185.012,488.408,0.75
186.979,488.767,0.75
188.947,489.126,0.75
190.914,489.485,0.75
192.882,489.845,0.75
194.849,490.204,0.75
196.817,490.563,0.75
198.784,490.922,0.75
200.752,491.281,0.75
202.719,491.64,0.75
204.687,491.999,0.75
206.654,492.359,0.75
208.622,492.718,0.75
210.589,493.077,0.75
212.557,493.436,0.75
214.524,493.795,0.75
216.492,494.154,0.75
218.457,494.525,0.75
220.419,494.914,0.75
222.381,495.303,0.75
224.342,495.691,0.75
226.304,496.08,0.75
228.266,496.469,0.75
230.228,496.858,0.75
232.19,497.247,0.75
234.152,497.636,0.75
236.114,498.024,0.75
238.075,498.413,0.75
240.037,498.802,0.75
242,499.185,0.75
243.963,499.567,0.75
245.927,499.949,0.75
247.89,500.331,0.75
249.853,500.713,0.75
251.816,501.095,0.75
253.779,501.477,0.75
255.742,501.859,0.75
257.706,502.241,0.75
259.669,502.621,0.75
261.636,502.984,0.75
263.603,503.348,0.75
265.569,503.711,0.75
267.536,504.074,0.75
269.516,504.325,0.75
271.513,504.444,0.75
273.509,504.562,0.75
275.506,504.68,0.75
277.502,504.799,0.75
279.499,504.917,0.75
281.495,505.035,0.75
283.492,505.146,0.75
285.489,505.256,0.75
287.486,505.366,0.75
289.483,505.477,0.75
291.48,505.587,0.75
293.477,505.697,0.75
295.476,505.727,0.75
297.476,505.715,0.75
299.476,505.702,0.75
301.476,505.69,0.75
303.476,505.678,0.75
305.476,505.665,0.75
307.476,505.653,0.75
309.471,505.543,0.75
311.464,505.373,0.75
313.457,505.203,0.75
315.45,505.033,0.75
317.443,504.865,0.75
319.438,504.729,0.75
321.433,504.593,0.75
323.429,504.457,0.75
325.424,504.321,0.75
327.419,504.184,0.75
329.415,504.048,0.75
331.41,503.912,0.75
333.399,503.733,0.75
335.353,503.305,0.75
337.307,502.877,0.75
339.26,502.449,0.75
341.214,502.022,0.75
343.168,501.594,0.75
345.099,501.078,0.75
347.021,500.523,0.75
348.942,499.967,0.75
350.863,499.411,0.75
352.773,498.826,0.75
354.584,497.977,0.75
356.395,497.129,0.75
358.209,496.285,0.75
360.026,495.45,0.75
361.843,494.614,0.75
363.66,493.778,0.75
365.477,492.942,0.75
367.29,492.1,0.75
368.89,490.901,0.75
370.491,489.701,0.75
372.092,488.502,0.75
373.692,487.303,0.75
375.289,486.1,0.75
376.811,484.801,0.75
378.332,483.503,0.75
379.853,482.204,0.75
381.374,480.906,0.75
382.858,479.57,0.75
384.163,478.054,0.75
385.468,476.539,0.75
386.773,475.023,0.75
388.078,473.508,0.75
389.153,471.827,0.75
390.169,470.105,0.75
391.185,468.382,0.75
392.081,466.602,0.75
392.771,464.725,0.75
393.461,462.848,0.75
394.121,460.962,0.75
394.564,459.011,0.75
395.008,457.061,0.75
395.174,455.087,0.75
395.072,453.089,0.75
394.971,451.092,0.75
394.65,449.133,0.75
394.069,447.219,0.75
393.488,445.306,0.75
392.806,443.427,0.75
392.072,441.566,0.75
391.338,439.706,0.75
390.605,437.845,0.75
389.572,436.161,0.75
388.301,434.616,0.75
387.031,433.072,0.75
385.76,431.527,0.75
384.331,430.129,0.75
382.887,428.746,0.75
381.443,427.362,0.75
379.998,425.98,0.75
378.393,424.786,0.75
376.789,423.592,0.75
375.184,422.398,0.75
373.58,421.204,0.75
371.901,420.117,0.75
370.21,419.05,0.75
368.519,417.983,0.75
366.827,416.915,0.75
365.136,415.848,0.75
363.445,414.78,0.75
361.753,413.713,0.75
359.936,412.883,0.75
358.106,412.076,0.75
356.276,411.269,0.75
354.446,410.461,0.75
352.616,409.654,0.75
350.786,408.847,0.75
348.953,408.047,0.75
347.12,407.249,0.75
345.286,406.45,0.75
343.452,405.652,0.75
341.618,404.853,0.75
339.785,404.055,0.75
337.951,403.256,0.75
336.109,402.479,0.75
334.241,401.764,0.75
332.373,401.05,0.75
330.505,400.335,0.75
328.637,399.62,0.75
326.769,398.905,0.75
324.901,398.19,0.75
323.033,397.475,0.75
321.166,396.76,0.75
319.298,396.046,0.75
317.43,395.331,0.75
315.562,394.616,0.75
313.687,393.923,0.75
311.761,393.384,0.75
309.835,392.845,0.75
307.909,392.307,0.75
305.982,391.768,0.75
304.056,391.23,0.75
302.13,390.691,0.75
300.204,390.153,0.75
298.278,389.614,0.75
296.346,389.096,0.75
294.406,388.611,0.75
292.466,388.127,0.75
290.525,387.642,0.75
288.585,387.157,0.75
286.644,386.672,0.75
284.704,386.188,0.75
282.743,385.83,0.75
280.749,385.679,0.75
278.755,385.529,0.75
276.76,385.379,0.75
274.766,385.229,0.75
272.772,385.079,0.75
270.781,384.885,0.75
268.792,384.675,0.75
266.803,384.465,0.75
264.814,384.255,0.75
262.825,384.044,0.75
260.836,383.834,0.75
258.848,383.624,0.75
256.859,383.414,0.75
254.863,383.305,0.75
252.864,383.251,0.75
250.864,383.197,0.75
248.865,383.143,0.75
246.866,383.089,0.75
244.867,383.035,0.75
242.867,382.981,0.75
240.868,382.927,0.75
238.869,382.873,0.75
236.87,382.819,0.75
234.87,382.765,0.75
232.871,382.711,0.75
230.872,382.657,0.75
228.872,382.603,0.75
226.873,382.549,0.75
224.874,382.496,0.75
222.875,382.442,0.75
220.875,382.388,0.75
218.876,382.334,0.75
216.877,382.28,0.75
214.877,382.259,0.75
212.877,382.259,0.75
210.877,382.259,0.75
208.877,382.259,0.75
206.877,382.259,0.75
204.877,382.259,0.75
202.877,382.259,0.75
200.877,382.259,0.75
198.877,382.259,0.75
196.877,382.259,0.75
194.877,382.259,0.75
192.877,382.259,0.75
190.877,382.259,0.75
188.877,382.259,0.75
186.877,382.281,0.75
184.877,382.307,0.75
182.878,382.333,0.75
180.878,382.359,0.75
178.878,382.385,0.75
176.878,382.411,0.75
174.878,382.437,0.75
172.878,382.463,0.75
170.879,382.488,0.75
168.879,382.514,0.75
166.879,382.54,0.75
164.879,382.566,0.75
162.879,382.592,0.75
160.879,382.618,0.75
158.88,382.656,0.75
156.88,382.707,0.75
154.881,382.758,0.75
152.882,382.81,0.75
150.882,382.861,0.75
148.883,382.913,0.75
146.884,382.964,0.75
144.884,383.015,0.75
142.885,383.067,0.75
140.886,383.118,0.75
138.886,383.17,0.75
136.888,383.239,0.75
134.889,383.31,0.75
132.89,383.38,0.75
130.891,383.45,0.75
128.893,383.521,0.75
126.894,383.591,0.75
124.895,383.662,0.75
122.896,383.732,0.75
120.898,383.803,0.75
118.899,383.878,0.75
116.9,383.953,0.75
114.902,384.028,0.75
112.903,384.103,0.75
110.905,384.178,0.75
517.859,683.122,0.75
516.273,681.904,0.75
514.686,680.686,0.75
513.1,679.468,0.75
511.514,678.25,0.75
509.927,677.032,0.75
508.35,675.803,0.75
506.816,674.52,0.75
505.281,673.237,0.75
503.747,671.955,0.75
502.212,670.672,0.75
500.678,669.389,0.75
499.143,668.107,0.75
497.609,666.824,0.75
496.074,665.541,0.75
494.54,664.258,0.75
493.005,662.976,0.75
491.471,661.693,0.75
489.936,660.41,0.75
488.402,659.128,0.75
486.867,657.845,0.75
485.333,656.562,0.75
483.826,655.248,0.75
482.344,653.904,0.75
480.863,652.561,0.75
479.382,651.217,0.75
477.9,649.873,0.75
476.419,648.53,0.75
474.937,647.186,0.75
473.456,645.842,0.75
471.975,644.498,0.75
470.493,643.155,0.75
469.012,641.811,0.75
467.531,640.467,0.75
466.049,639.124,0.75
464.568,637.78,0.75
463.087,636.436,0.75
461.652,635.044,0.75
460.247,633.62,0.75
458.842,632.197,0.75
457.437,630.773,0.75
456.032,629.35,0.75
454.628,627.926,0.75
453.223,626.503,0.75
451.818,625.079,0.75
450.413,623.656,0.75
449.008,622.232,0.75
447.603,620.809,0.75
446.198,619.385,0.75
444.793,617.962,0.75
443.434,616.496,0.75
442.11,614.997,0.75
440.786,613.498,0.75
439.462,611.999,0.75
438.137,610.5,0.75
436.813,609.002,0.75
435.489,607.503,0.75
434.165,606.004,0.75
432.841,604.505,0.75
431.517,603.006,0.75
430.225,601.481,0.75
429.064,599.852,0.75
427.903,598.224,0.75
426.742,596.595,0.75
425.581,594.967,0.75
424.42,593.338,0.75
423.259,591.71,0.75
422.098,590.081,0.75
420.937,588.453,0.75
419.879,586.761,0.75
418.958,584.986,0.75
418.037,583.211,0.75
417.116,581.436,0.75
416.195,579.66,0.75
415.337,577.855,0.75
414.533,576.023,0.75
413.729,574.192,0.75
412.925,572.361,0.75
412.121,570.53,0.75
411.317,568.699,0.75
410.776,566.778,0.75
410.296,564.836,0.75
409.817,562.894,0.75
409.337,560.953,0.75
408.857,559.011,0.75
408.378,557.07,0.75
408.104,555.097,0.75
407.994,553.1,0.75
407.885,551.103,0.75
407.775,549.106,0.75
407.895,547.117,0.75
408.144,545.133,0.75
408.392,543.148,0.75
408.787,541.191,0.75
409.272,539.251,0.75
409.896,537.359,0.75
410.717,535.535,0.75
411.545,533.715,0.75
412.474,531.943,0.75
413.403,530.172,0.75
414.635,528.612,0.75
415.969,527.121,0.75
417.302,525.63,0.75
418.636,524.14,0.75
419.973,522.654,0.75
421.71,521.662,0.75
423.447,520.671,0.75
425.184,519.679,0.75
426.932,518.711,0.75
428.767,517.915,0.75
430.602,517.119,0.75
432.437,516.323,0.75
434.271,515.527,0.75
436.15,514.847,0.75
438.05,514.222,0.75
439.95,513.596,0.75
441.85,512.971,0.75
443.749,512.346,0.75
445.704,511.931,0.75
447.666,511.543,0.75
449.628,511.156,0.75
451.59,510.768,0.75
453.552,510.38,0.75
455.546,510.24,0.75
457.543,510.123,0.75
459.539,510.005,0.75
461.536,509.888,0.75
463.534,509.804,0.75
465.533,509.782,0.75
467.533,509.76,0.75
469.533,509.739,0.75
471.533,509.717,0.75
473.533,509.729,0.75
475.532,509.778,0.75
477.531,509.827,0.75
479.531,509.876,0.75
481.53,509.925,0.75
483.53,509.974,0.75
485.529,510.023,0.75
487.506,510.268,0.75
489.463,510.679,0.75
491.42,511.091,0.75
493.377,511.503,0.75
495.336,511.906,0.75
497.298,512.294,0.75
499.26,512.682,0.75
501.222,513.07,0.75
503.184,513.458,0.75
505.14,513.872,0.75
507.053,514.454,0.75
508.967,515.035,0.75
510.88,515.617,0.75
512.794,516.199,0.75
514.707,516.781,0.75
516.591,517.453,0.75
518.474,518.127,0.75
520.357,518.801,0.75
522.23,519.5,0.75
524.052,520.324,0.75
525.875,521.147,0.75
527.698,521.97,0.75
529.52,522.794,0.75
531.283,523.737,0.75
533.037,524.698,0.75
534.791,525.659,0.75
536.531,526.645,0.75
538.272,527.63,0.75
540.013,528.615,0.75
541.753,529.6,0.75
543.494,530.585,0.75
545.234,531.57,0.75
546.976,532.553,0.75
548.726,533.521,0.75
550.477,534.488,0.75
552.227,535.456,0.75
553.977,536.423,0.75
555.728,537.391,0.75
557.403,538.468,0.75
558.937,539.752,0.75
560.47,541.035,0.75
562.004,542.319,0.75
563.537,543.603,0.75
565.071,544.887,0.75
566.604,546.171,0.75
568.138,547.455,0.75
569.628,548.787,0.75
571.089,550.154,0.75
572.549,551.521,0.75
574.009,552.888,0.75
575.469,554.254,0.75
576.929,555.621,0.75
578.389,556.988,0.75
579.849,558.355,0.75
581.309,559.722,0.75
582.748,561.11,0.75
584.163,562.524,0.75
585.577,563.938,0.75
586.992,565.352,0.75
588.407,566.765,0.75
589.79,568.21,0.75
591.137,569.688,0.75
592.484,571.166,0.75
593.831,572.645,0.75
595.178,574.123,0.75
596.436,575.675,0.75
597.639,577.272,0.75
598.843,578.87,0.75
600.046,580.467,0.75
601.25,582.064,0.75
602.454,583.662,0.75
603.657,585.259,0.75
604.861,586.856,0.75
606.064,588.454,0.75
607.124,590.149,0.75
608.164,591.857,0.75
609.205,593.565,0.75
610.246,595.272,0.75
611.287,596.98,0.75
612.328,598.688,0.75
613.369,600.396,0.75
614.408,602.104,0.75
615.442,603.817,0.75
616.475,605.529,0.75
617.509,607.241,0.75
618.543,608.953,0.75
619.576,610.666,0.75
620.61,612.378,0.75
621.643,614.09,0.75
622.609,615.837,0.75
623.397,617.675,0.75
624.186,619.513,0.75
624.974,621.351,0.75
625.763,623.189,0.75
626.551,625.027,0.75
627.34,626.865,0.75
628.128,628.703,0.75
628.917,630.541,0.75
629.678,632.389,0.75
630.306,634.288,0.75
630.934,636.187,0.75
631.562,638.086,0.75
632.19,639.985,0.75
632.818,641.884,0.75
633.445,643.783,0.75
634.073,645.682,0.75
634.701,647.581,0.75
635.329,649.479,0.75
635.957,651.378,0.75
636.585,653.277,0.75
637.213,655.176,0.75
637.826,657.08,0.75
638.416,658.991,0.75
639.005,660.902,0.75
639.594,662.813,0.75
640.184,664.724,0.75
640.773,666.636,0.75
641.362,668.547,0.75
641.951,670.458,0.75
642.541,672.369,0.75
643.13,674.28,0.75
498.73,557.299,0.7
500.702,556.962,0.7
502.673,556.626,0.7
504.645,556.289,0.7
506.616,555.953,0.7
508.593,555.652,0.7
510.578,555.404,0.7
512.562,555.156,0.7
514.547,554.908,0.7
516.531,554.66,0.7
518.524,554.51,0.7
520.523,554.453,0.7
522.52,554.545,0.7
524.518,554.637,0.7
526.516,554.731,0.7
528.505,554.941,0.7
530.494,555.152,0.7
532.483,555.362,0.7
534.469,555.585,0.7
536.388,556.15,0.7
538.306,556.715,0.7
540.225,557.28,0.7
542.143,557.845,0.7
544.033,558.484,0.7
545.822,559.378,0.7
547.611,560.271,0.7
549.4,561.165,0.7
551.158,562.118,0.7
552.893,563.113,0.7
554.628,564.107,0.7
556.363,565.102,0.7
558.022,566.218,0.7
559.677,567.342,0.7
561.331,568.466,0.7
562.985,569.59,0.7
564.639,570.714,0.7
566.249,571.896,0.7
567.763,573.203,0.7
569.277,574.51,0.7
570.792,575.816,0.7
572.306,577.123,0.7
573.82,578.43,0.7
575.134,579.935,0.7
576.428,581.46,0.7
577.722,582.984,0.7
579.017,584.509,0.7
580.311,586.034,0.7
581.525,587.62,0.7
582.684,589.251,0.7
583.842,590.882,0.7
585,592.512,0.7
586.158,594.143,0.7
587.226,595.826,0.7
588.068,597.64,0.7
588.911,599.453,0.7
589.749,601.27,0.7
590.574,603.091,0.7
591.4,604.913,0.7
592.225,606.735,0.7
593.051,608.556,0.7
593.876,610.378,0.7
594.408,612.303,0.7
594.907,614.24,0.7
595.405,616.177,0.7
595.903,618.114,0.7
596.392,620.053,0.7
596.657,622.035,0.7
596.921,624.017,0.7
597.186,626,0.7
597.29,627.991,0.7
597.249,629.991,0.7
597.208,631.99,0.7
597.166,633.99,0.7
597.125,635.989,0.7
597.123,637.989,0.7
597.122,639.989,0.7
596.898,641.961,0.7
596.39,643.895,0.7
595.883,645.829,0.7
595.09,647.64,0.7
594.024,649.333,0.7
592.958,651.025,0.7
591.747,652.607,0.7
590.408,654.093,0.7
589.057,655.564,0.7
587.345,656.598,0.7
585.633,657.631,0.7
583.836,658.477,0.7
581.925,659.068,0.7
580.015,659.66,0.7
578.104,660.251,0.7
576.127,660.543,0.7
574.147,660.826,0.7
572.167,661.109,0.7
570.181,661.339,0.7
568.186,661.472,0.7
566.19,661.604,0.7
564.192,661.664,0.7
562.192,661.664,0.7
560.192,661.664,0.7
558.21,661.509,0.7
556.261,661.06,0.7
554.312,660.612,0.7
552.362,660.164,0.7
550.421,659.687,0.7
548.515,659.081,0.7
546.609,658.475,0.7
544.703,657.869,0.7
542.797,657.263,0.7
540.891,656.657,0.7
538.985,656.051,0.7
537.124,655.323,0.7
535.279,654.552,0.7
533.433,653.781,0.7
531.588,653.009,0.7
529.743,652.238,0.7
527.914,651.433,0.7
526.152,650.485,0.7
524.391,649.538,0.7
522.63,648.59,0.7
520.869,647.642,0.7
519.135,646.647,0.7
517.445,645.578,0.7
515.755,644.508,0.7
514.065,643.439,0.7
512.375,642.369,0.7
510.746,641.215,0.7
509.195,639.952,0.7
507.645,638.688,0.7
506.095,637.425,0.7
504.544,636.161,0.7
503.074,634.809,0.7
501.66,633.395,0.7
500.245,631.981,0.7
498.83,630.568,0.7
497.416,629.154,0.7
496.001,627.74,0.7
494.586,626.327,0.7
493.171,624.913,0.7
491.901,623.37,0.7
490.647,621.812,0.7
489.393,620.254,0.7
488.139,618.696,0.7
486.885,617.138,0.7
485.63,615.58,0.7
484.376,614.022,0.7
483.175,612.427,0.7
482.108,610.734,0.7
481.042,609.042,0.7
479.976,607.35,0.7
478.91,605.658,0.7
477.844,603.966,0.7
476.777,602.274,0.7
475.711,600.582,0.7
474.645,598.89,0.7
473.913,597.037,0.7
473.259,595.147,0.7
472.604,593.257,0.7
471.949,591.367,0.7
471.295,589.478,0.7
470.837,587.551,0.7
470.763,585.552,0.7
470.688,583.554,0.7
470.614,581.555,0.7
471.029,579.619,0.7
471.601,577.702,0.7
472.174,575.786,0.7
472.747,573.87,0.7
473.32,571.954,0.7
474.343,570.265,0.7
475.544,568.665,0.7
476.865,567.172,0.7
478.301,565.78,0.7
479.747,564.399,0.7
481.367,563.227,0.7
482.988,562.055,0.7
484.69,561.012,0.7
486.442,560.047,0.7
488.259,559.265,0.7
490.225,558.894,0.7
492.19,558.523,0.7
494.155,558.151,0.7
496.12,557.78,0.7
504.08,573.145,0.65
502.29,574.016,0.65
500.634,575.111,0.65
499.172,576.476,0.65
497.801,577.917,0.65
496.708,579.592,0.65
495.799,581.322,0.65
495.8,583.322,0.65
495.8,585.322,0.65
495.974,587.294,0.65
496.588,589.198,0.65
497.522,590.946,0.65
498.637,592.607,0.65
499.739,594.275,0.65
500.801,595.97,0.65
501.863,597.665,0.65
502.924,599.36,0.65
504.057,601.006,0.65
505.243,602.617,0.65
506.512,604.158,0.65
507.884,605.613,0.65
509.256,607.068,0.65
510.628,608.523,0.65
512.001,609.978,0.65
513.373,611.433,0.65
514.809,612.819,0.65
516.371,614.068,0.65
517.934,615.316,0.65
519.496,616.564,0.65
521.059,617.813,0.65
522.621,619.061,0.65
524.156,620.344,0.65
525.686,621.632,0.65
527.216,622.919,0.65
528.757,624.194,0.65
530.382,625.359,0.65
532.008,626.524,0.65
533.634,627.689,0.65
535.26,628.854,0.65
536.885,630.019,0.65
538.514,631.18,0.65
540.174,632.295,0.65
541.834,633.41,0.65
543.495,634.525,0.65
545.162,635.629,0.65
546.843,636.712,0.65
548.524,637.796,0.65
550.225,638.843,0.65
552.042,639.68,0.65
553.859,640.516,0.65
555.694,641.31,0.65
557.538,642.084,0.65
559.415,642.766,0.65
561.331,643.341,0.65
563.275,643.757,0.65
565.271,643.876,0.65
567.268,643.845,0.65
569.265,643.734,0.65
571.2,643.363,0.65
573.032,642.562,0.65
574.833,641.703,0.65
576.481,640.571,0.65
578.049,639.35,0.65
579.316,637.802,0.65
580.424,636.141,0.65
581.475,634.441,0.65
582.013,632.515,0.65
582.551,630.589,0.65
582.774,628.619,0.65
582.774,626.619,0.65
582.761,624.621,0.65
582.322,622.67,0.65
581.884,620.718,0.65
581.445,618.767,0.65
580.869,616.853,0.65
580.247,614.952,0.65
579.625,613.052,0.65
579.004,611.151,0.65
578.304,609.281,0.65
577.45,607.473,0.65
576.595,605.664,0.65
575.741,603.856,0.65
574.881,602.051,0.65
573.873,600.323,0.65
572.864,598.596,0.65
571.856,596.869,0.65
570.848,595.142,0.65
569.826,593.425,0.65
568.398,592.024,0.65
566.971,590.624,0.65
565.543,589.223,0.65
564.115,587.822,0.65
562.679,586.431,0.65
561.147,585.145,0.65
559.616,583.859,0.65
558.084,582.573,0.65
556.405,581.514,0.65
554.606,580.64,0.65
552.807,579.765,0.65
551.008,578.891,0.65
549.196,578.053,0.65
547.269,577.517,0.65
545.342,576.981,0.65
543.415,576.445,0.65
541.489,575.909,0.65
539.562,575.374,0.65
537.635,574.838,0.65
535.708,574.302,0.65
533.749,573.911,0.65
531.776,573.583,0.65
529.803,573.254,0.65
527.83,572.926,0.65
525.853,572.63,0.65
523.871,572.362,0.65
521.889,572.094,0.65
519.891,572.053,0.65
517.891,572.053,0.65
515.892,572.016,0.65
513.892,571.97,0.65
511.893,571.925,0.65
509.908,572.106,0.65
507.93,572.404,0.65
