769.334,38.589,0.7
767.504,39.397,0.7
765.675,40.205,0.7
763.845,41.013,0.7
762.018,41.826,0.7
760.199,42.657,0.7
758.379,43.488,0.7
756.56,44.318,0.7
754.741,45.149,0.7
752.921,45.98,0.7
751.102,46.81,0.7
749.283,47.641,0.7
747.463,48.471,0.7
745.644,49.302,0.7
743.825,50.133,0.7
742.003,50.958,0.7
740.175,51.77,0.7
738.347,52.582,0.7
736.519,53.394,0.7
734.692,54.205,0.7
732.864,55.017,0.7
731.036,55.829,0.7
729.208,56.641,0.7
727.331,57.324,0.7
725.429,57.941,0.7
723.526,58.559,0.7
721.624,59.176,0.7
719.722,59.794,0.7
717.819,60.411,0.7
715.917,61.029,0.7
714.015,61.646,0.7
712.113,62.264,0.7
710.21,62.881,0.7
708.308,63.499,0.7
706.406,64.116,0.7
704.497,64.715,0.7
702.589,65.314,0.7
700.681,65.912,0.7
698.772,66.511,0.7
696.864,67.109,0.7
694.956,67.708,0.7
693.047,68.306,0.7
691.139,68.905,0.7
689.231,69.503,0.7
687.322,70.102,0.7
685.414,70.7,0.7
683.506,71.299,0.7
681.581,71.839,0.7
679.646,72.347,0.7
677.712,72.855,0.7
675.777,73.363,0.7
673.843,73.87,0.7
671.908,74.378,0.7
669.974,74.886,0.7
668.039,75.394,0.7
666.105,75.901,0.7
664.17,76.409,0.7
662.236,76.917,0.7
660.299,77.413,0.7
658.358,77.898,0.7
656.418,78.383,0.7
654.477,78.867,0.7
652.537,79.352,0.7
650.597,79.837,0.7
648.656,80.322,0.7
646.716,80.806,0.7
644.776,81.291,0.7
642.829,81.749,0.7
640.878,82.192,0.7
638.928,82.635,0.7
636.978,83.078,0.7
635.027,83.521,0.7
633.077,83.964,0.7
631.127,84.407,0.7
629.176,84.85,0.7
627.226,85.293,0.7
625.276,85.736,0.7
623.326,86.179,0.7
621.375,86.622,0.7
619.425,87.065,0.7
617.473,87.5,0.7
615.504,87.852,0.7
613.535,88.204,0.7
611.567,88.556,0.7
609.593,88.88,0.7
607.614,89.165,0.7
605.634,89.45,0.7
603.655,89.735,0.7
601.675,90.021,0.7
599.687,90.226,0.7
597.693,90.379,0.7
595.698,90.532,0.7
593.704,90.686,0.7
591.71,90.839,0.7
589.716,90.991,0.7
587.716,91.029,0.7
585.717,91.066,0.7
583.717,91.104,0.7
581.717,91.142,0.7
579.718,91.18,0.7
577.718,91.217,0.7
575.72,91.179,0.7
573.723,91.069,0.7
571.726,90.96,0.7
569.729,90.85,0.7
567.732,90.74,0.7
565.74,90.567,0.7
563.748,90.38,0.7
561.757,90.194,0.7
559.766,90.007,0.7
557.798,89.668,0.7
555.84,89.26,0.7
553.881,88.853,0.7
551.923,88.445,0.7
549.987,87.953,0.7
548.074,87.37,0.7
546.161,86.786,0.7
544.248,86.203,0.7
542.335,85.62,0.7
540.428,85.018,0.7
538.548,84.335,0.7
536.669,83.652,0.7
534.789,82.969,0.7
532.911,82.28,0.7
531.043,81.565,0.7
529.176,80.85,0.7
527.308,80.135,0.7
525.44,79.419,0.7
523.572,78.704,0.7
521.867,77.667,0.7
520.179,76.593,0.7
518.491,75.52,0.7
516.804,74.447,0.7
515.116,73.374,0.7
513.428,72.301,0.7
511.741,71.228,0.7
510.053,70.154,0.7
508.365,69.081,0.7
506.678,68.008,0.7
505.121,66.762,0.7
503.636,65.423,0.7
502.151,64.083,0.7
500.665,62.744,0.7
499.18,61.405,0.7
497.695,60.065,0.7
496.209,58.726,0.7
494.724,57.387,0.7
493.239,56.047,0.7
812.213,118.909,0.75
810.242,119.251,0.75
808.272,119.593,0.75
806.301,119.935,0.75
804.33,120.277,0.75
802.36,120.619,0.75
800.389,120.961,0.75
798.419,121.303,0.75
796.448,121.645,0.75
794.478,121.987,0.75
792.507,122.329,0.75
790.537,122.671,0.75
788.566,123.013,0.75
786.596,123.355,0.75
784.63,123.72,0.75
782.674,124.142,0.75
780.719,124.563,0.75
778.764,124.984,0.75
776.809,125.405,0.75
774.854,125.826,0.75
772.899,126.247,0.75
770.944,126.669,0.75
768.988,127.09,0.75
767.033,127.511,0.75
765.078,127.932,0.75
763.124,128.358,0.75
761.179,128.822,0.75
759.233,129.286,0.75
757.288,129.75,0.75
755.342,130.215,0.75
753.397,130.679,0.75
751.452,131.143,0.75
749.506,131.607,0.75
747.561,132.072,0.75
745.616,132.536,0.75
743.67,133,0.75
741.71,133.396,0.75
739.743,133.756,0.75
737.776,134.116,0.75
735.808,134.476,0.75
733.841,134.836,0.75
731.874,135.197,0.75
729.907,135.557,0.75
727.939,135.917,0.75
725.972,136.277,0.75
724.005,136.637,0.75
722.051,137.059,0.75
720.107,137.531,0.75
718.163,138.003,0.75
716.22,138.474,0.75
714.276,138.946,0.75
712.333,139.418,0.75
710.389,139.889,0.75
708.445,140.361,0.75
706.502,140.833,0.75
704.558,141.304,0.75
702.615,141.776,0.75
700.65,142.142,0.75
698.673,142.446,0.75
696.697,142.75,0.75
694.72,143.054,0.75
692.743,143.358,0.75
690.766,143.662,0.75
688.79,143.966,0.75
686.813,144.27,0.75
684.836,144.574,0.75
682.867,144.921,0.75
680.901,145.291,0.75
678.936,145.66,0.75
676.97,146.03,0.75
675.005,146.4,0.75
673.039,146.77,0.75
671.074,147.14,0.75
669.108,147.51,0.75
667.143,147.88,0.75
665.177,148.25,0.75
663.212,148.62,0.75
661.246,148.989,0.75
659.281,149.359,0.75
657.315,149.729,0.75
655.35,150.099,0.75
653.384,150.469,0.75
651.419,150.839,0.75
649.453,151.209,0.75
647.488,151.579,0.75
645.522,151.949,0.75
643.557,152.318,0.75
641.579,152.61,0.75
639.596,152.87,0.75
637.613,153.13,0.75
635.63,153.39,0.75
633.647,153.65,0.75
631.664,153.91,0.75
629.68,154.17,0.75
627.697,154.43,0.75
625.714,154.691,0.75
623.731,154.951,0.75
621.748,155.211,0.75
619.765,155.471,0.75
617.788,155.768,0.75
615.817,156.105,0.75
613.845,156.443,0.75
611.874,156.781,0.75
609.903,157.118,0.75
607.931,157.456,0.75
605.96,157.793,0.75
603.989,158.131,0.75
602.018,158.469,0.75
600.046,158.806,0.75
598.075,159.144,0.75
596.104,159.481,0.75
594.132,159.819,0.75
592.161,160.157,0.75
590.18,160.426,0.75
588.193,160.65,0.75
586.205,160.874,0.75
584.218,161.098,0.75
582.23,161.321,0.75
580.243,161.545,0.75
578.255,161.769,0.75
576.268,161.993,0.75
574.281,162.216,0.75
572.293,162.44,0.75
570.306,162.664,0.75
568.318,162.888,0.75
566.331,163.111,0.75
564.343,163.335,0.75
562.356,163.559,0.75
560.368,163.783,0.75
558.377,163.937,0.75
556.377,163.959,0.75
554.377,163.98,0.75
552.377,164.001,0.75
550.377,164.022,0.75
548.377,164.044,0.75
546.377,164.065,0.75
544.378,164.093,0.75
542.378,164.145,0.75
540.379,164.198,0.75
538.388,164.13,0.75
536.413,163.815,0.75
534.438,163.5,0.75
532.463,163.185,0.75
530.488,162.87,0.75
528.513,162.555,0.75
526.537,162.24,0.75
524.569,161.897,0.75
522.653,161.324,0.75
520.736,160.751,0.75
518.82,160.179,0.75
516.904,159.606,0.75
514.988,159.033,0.75
513.084,158.422,0.75
511.185,157.794,0.75
509.286,157.167,0.75
507.386,156.54,0.75
505.487,155.912,0.75
503.588,155.285,0.75
501.689,154.658,0.75
499.79,154.03,0.75
497.891,153.403,0.75
495.998,152.761,0.75
494.224,151.839,0.75
492.449,150.916,0.75
490.674,149.994,0.75
488.899,149.072,0.75
487.125,148.15,0.75
485.35,147.228,0.75
483.575,146.306,0.75
481.801,145.383,0.75
480.026,144.461,0.75
478.251,143.539,0.75
476.476,142.617,0.75
474.702,141.695,0.75
472.954,140.727,0.75
471.298,139.606,0.75
469.641,138.485,0.75
467.985,137.365,0.75
466.328,136.244,0.75
464.672,135.123,0.75
463.015,134.002,0.75
461.359,132.882,0.75
459.702,131.761,0.75
458.082,130.591,0.75
456.507,129.359,0.75
454.932,128.126,0.75
453.357,126.893,0.75
451.781,125.661,0.75
450.206,124.428,0.75
448.631,123.196,0.75
447.056,121.963,0.75
445.514,120.691,0.75
444.013,119.369,0.75
442.512,118.047,0.75
441.011,116.726,0.75
439.51,115.404,0.75
438.009,114.082,0.75
436.508,112.761,0.75
435.007,111.439,0.75
433.506,110.117,0.75
432.005,108.795,0.75
430.553,107.425,0.75
429.258,105.901,0.75
427.962,104.378,0.75
426.667,102.854,0.75
425.371,101.33,0.75
424.076,99.807,0.75
422.781,98.283,0.75
421.485,96.759,0.75
420.19,95.235,0.75
418.894,93.712,0.75
417.599,92.188,0.75
109.924,408.974,0.75
111.917,408.808,0.75
113.91,408.643,0.75
115.903,408.477,0.75
117.896,408.312,0.75
119.889,408.146,0.75
121.882,407.98,0.75
123.876,407.815,0.75
125.869,407.649,0.75
127.862,407.484,0.75
129.855,407.318,0.75
131.848,407.153,0.75
133.841,406.987,0.75
135.834,406.822,0.75
137.828,406.656,0.75
139.821,406.49,0.75
141.814,406.325,0.75
143.807,406.159,0.75
145.8,405.994,0.75
147.793,405.828,0.75
149.786,405.663,0.75
151.78,405.506,0.75
153.775,405.363,0.75
155.77,405.22,0.75
157.765,405.076,0.75
159.76,404.933,0.75
161.754,404.79,0.75
163.749,404.646,0.75
165.744,404.503,0.75
167.739,404.36,0.75
169.734,404.216,0.75
171.729,404.073,0.75
173.724,403.93,0.75
175.718,403.786,0.75
177.713,403.643,0.75
179.708,403.5,0.75
181.703,403.356,0.75
183.698,403.213,0.75
185.693,403.07,0.75
187.688,402.926,0.75
189.682,402.783,0.75
191.677,402.64,0.75
193.669,402.464,0.75
195.659,402.258,0.75
197.648,402.051,0.75
199.637,401.845,0.75
201.627,401.638,0.75
203.616,401.432,0.75
205.605,401.225,0.75
207.595,401.019,0.75
209.584,400.813,0.75
211.573,400.606,0.75
213.563,400.4,0.75
215.552,400.193,0.75
217.541,399.987,0.75
219.53,399.78,0.75
221.52,399.574,0.75
223.509,399.367,0.75
225.498,399.161,0.75
227.488,398.954,0.75
229.477,398.745,0.75
231.466,398.535,0.75
233.455,398.325,0.75
235.444,398.115,0.75
237.433,397.905,0.75
239.421,397.695,0.75
241.41,397.485,0.75
243.399,397.276,0.75
245.388,397.066,0.75
247.377,396.856,0.75
249.364,396.627,0.75
251.339,396.311,0.75
253.314,395.996,0.75
255.289,395.68,0.75
257.264,395.365,0.75
259.238,395.049,0.75
261.213,394.733,0.75
263.188,394.418,0.75
265.163,394.102,0.75
267.138,393.786,0.75
269.113,393.471,0.75
271.088,393.155,0.75
273.063,392.839,0.75
275.038,392.524,0.75
277.013,392.208,0.75
278.988,391.892,0.75
280.963,391.577,0.75
282.938,391.261,0.75
284.897,390.864,0.75
286.853,390.444,0.75
288.808,390.024,0.75
290.764,389.604,0.75
292.719,389.184,0.75
294.674,388.764,0.75
296.63,388.344,0.75
298.585,387.925,0.75
300.541,387.505,0.75
302.496,387.085,0.75
304.452,386.665,0.75
306.407,386.245,0.75
308.362,385.825,0.75
310.302,385.337,0.75
312.241,384.849,0.75
314.181,384.36,0.75
316.12,383.871,0.75
318.06,383.383,0.75
319.999,382.894,0.75
321.938,382.406,0.75
323.878,381.917,0.75
325.801,381.369,0.75
327.717,380.797,0.75
329.634,380.225,0.75
331.55,379.653,0.75
333.467,379.081,0.75
335.383,378.509,0.75
337.3,377.937,0.75
339.216,377.366,0.75
341.089,376.665,0.75
342.96,375.959,0.75
344.831,375.252,0.75
346.702,374.545,0.75
348.573,373.838,0.75
350.444,373.131,0.75
352.315,372.424,0.75
354.186,371.717,0.75
356.023,370.929,0.75
357.835,370.084,0.75
359.648,369.24,0.75
361.461,368.395,0.75
363.274,367.551,0.75
365.087,366.706,0.75
366.9,365.861,0.75
368.713,365.017,0.75
370.526,364.172,0.75
372.329,363.308,0.75
374.11,362.397,0.75
375.89,361.487,0.75
377.671,360.576,0.75
379.452,359.665,0.75
381.232,358.755,0.75
383.011,357.84,0.75
384.774,356.896,0.75
386.538,355.952,0.75
388.301,355.009,0.75
390.064,354.065,0.75
391.828,353.122,0.75
393.591,352.178,0.75
395.355,351.235,0.75
397.062,350.196,0.75
398.744,349.113,0.75
400.425,348.031,0.75
402.107,346.948,0.75
403.789,345.866,0.75
405.471,344.783,0.75
407.117,343.651,0.75
408.677,342.4,0.75
410.237,341.149,0.75
411.797,339.897,0.75
413.358,338.646,0.75
414.918,337.395,0.75
416.478,336.144,0.75
418.039,334.893,0.75
419.558,333.593,0.75
421.057,332.269,0.75
422.555,330.944,0.75
424.054,329.619,0.75
425.552,328.295,0.75
427.019,326.937,0.75
428.403,325.494,0.75
429.788,324.05,0.75
431.172,322.607,0.75
432.556,321.163,0.75
433.93,319.71,0.75
435.224,318.185,0.75
436.518,316.66,0.75
437.812,315.135,0.75
439.106,313.611,0.75
440.401,312.086,0.75
441.598,310.485,0.75
442.766,308.862,0.75
443.934,307.238,0.75
445.102,305.615,0.75
446.271,303.992,0.75
447.439,302.368,0.75
448.607,300.745,0.75
449.775,299.122,0.75
450.829,297.422,0.75
451.878,295.719,0.75
452.928,294.017,0.75
453.978,292.315,0.75
455.027,290.612,0.75
456.077,288.91,0.75
457.078,287.182,0.75
457.847,285.336,0.75
458.616,283.49,0.75
459.384,281.643,0.75
460.153,279.797,0.75
460.922,277.951,0.75
461.69,276.104,0.75
462.427,274.246,0.75
463.017,272.335,0.75
463.607,270.424,0.75
464.197,268.513,0.75
464.786,266.602,0.75
465.376,264.691,0.75
465.841,262.752,0.75
466.112,260.771,0.75
466.384,258.789,0.75
466.656,256.808,0.75
466.819,254.817,0.75
466.907,252.819,0.75
466.995,250.82,0.75
467.083,248.822,0.75
467.171,246.824,0.75
467.021,244.832,0.75
466.832,242.841,0.75
466.643,240.85,0.75
466.454,238.859,0.75
466.265,236.868,0.75
466.076,234.877,0.75
465.679,232.919,0.75
465.242,230.967,0.75
464.805,229.016,0.75
464.368,227.064,0.75
463.931,225.112,0.75
463.439,223.174,0.75
462.915,221.244,0.75
462.392,219.314,0.75
461.868,217.384,0.75
461.345,215.453,0.75
460.821,213.523,0.75
460.227,211.613,0.75
459.626,209.706,0.75
459.024,207.799,0.75
458.423,205.891,0.75
457.489,204.124,0.75
456.539,202.364,0.75
455.589,200.605,0.75
454.639,198.845,0.75
453.588,197.147,0.75
452.435,195.513,0.75
451.281,193.879,0.75
450.127,192.246,0.75
448.973,190.612,0.75
447.82,188.979,0.75
446.64,187.364,0.75
445.367,185.822,0.75
444.095,184.279,0.75
442.822,182.736,0.75
441.549,181.193,0.75
440.232,179.691,0.75
438.79,178.306,0.75
437.347,176.921,0.75
435.904,175.536,0.75
434.461,174.151,0.75
433.019,172.766,0.75
431.576,171.381,0.75
430.133,169.996,0.75
428.701,168.599,0.75
427.27,167.202,0.75
425.839,165.805,0.75
424.408,164.409,0.75
422.976,163.012,0.75
421.545,161.615,0.75
420.003,160.345,0.75
418.422,159.12,0.75
416.842,157.894,0.75
415.261,156.669,0.75
413.68,155.444,0.75
412.099,154.219,0.75
410.45,153.09,0.75
408.761,152.02,0.75
407.072,150.949,0.75
405.382,149.879,0.75
403.693,148.808,0.75
401.916,147.902,0.75
400.083,147.104,0.75
398.249,146.305,0.75
396.415,145.506,0.75
394.582,144.708,0.75
392.748,143.909,0.75
390.915,143.11,0.75
389.107,142.253,0.75
387.3,141.397,0.75
385.493,140.54,0.75
383.685,139.684,0.75
381.878,138.828,0.75
380.037,138.052,0.75
378.156,137.372,0.75
376.275,136.693,0.75
374.394,136.013,0.75
372.513,135.333,0.75
370.616,134.707,0.75
368.679,134.21,0.75
366.741,133.713,0.75
364.804,133.216,0.75
362.867,132.719,0.75
360.929,132.223,0.75
358.984,131.761,0.75
357.017,131.401,0.75
355.05,131.04,0.75
353.083,130.679,0.75
351.115,130.318,0.75
349.148,129.957,0.75
347.181,129.596,0.75
345.214,129.236,0.75
343.247,128.875,0.75
341.28,128.514,0.75
339.312,128.153,0.75
337.345,127.793,0.75
335.372,127.464,0.75
333.4,127.135,0.75
331.427,126.807,0.75
329.454,126.478,0.75
327.481,126.15,0.75
325.509,125.818,0.75
323.537,125.484,0.75
321.565,125.149,0.75
319.593,124.817,0.75
317.6,124.644,0.75
315.608,124.47,0.75
313.615,124.297,0.75
311.623,124.124,0.75
309.631,123.951,0.75
307.638,123.778,0.75
305.652,123.54,0.75
303.667,123.297,0.75
301.682,123.054,0.75
299.697,122.811,0.75
297.712,122.568,0.75
295.726,122.325,0.75
293.739,122.102,0.75
291.749,121.906,0.75
289.758,121.71,0.75
287.768,121.513,0.75
285.778,121.317,0.75
283.787,121.136,0.75
281.787,121.136,0.75
279.787,121.136,0.75
277.787,121.136,0.75
275.787,121.136,0.75
273.787,121.136,0.75
271.787,121.136,0.75
269.787,121.136,0.75
267.787,121.136,0.75
265.787,121.162,0.75
263.787,121.195,0.75
261.787,121.229,0.75
259.788,121.262,0.75
257.788,121.296,0.75
255.788,121.329,0.75
253.788,121.363,0.75
251.789,121.396,0.75
249.789,121.43,0.75
247.789,121.463,0.75
245.79,121.497,0.75
141.399,343.571,0.8
143.397,343.643,0.8
145.396,343.715,0.8
147.395,343.787,0.8
149.394,343.859,0.8
151.392,343.931,0.8
153.391,344.003,0.8
155.39,344.074,0.8
157.388,344.146,0.8
159.387,344.218,0.8
161.385,344.3,0.8
163.384,344.383,0.8
165.382,344.466,0.8
167.38,344.549,0.8
169.378,344.633,0.8
171.376,344.721,0.8
173.373,344.836,0.8
175.37,344.951,0.8
177.367,345.066,0.8
179.363,345.178,0.8
181.363,345.231,0.8
183.362,345.284,0.8
185.361,345.336,0.8
187.361,345.389,0.8
189.36,345.441,0.8
191.359,345.491,0.8
193.359,345.472,0.8
195.359,345.454,0.8
197.359,345.435,0.8
199.359,345.417,0.8
201.359,345.399,0.8
203.359,345.38,0.8
205.359,345.362,0.8
207.359,345.343,0.8
209.357,345.285,0.8
211.353,345.162,0.8
213.35,345.04,0.8
215.346,344.917,0.8
217.342,344.795,0.8
219.338,344.673,0.8
221.335,344.55,0.8
223.331,344.428,0.8
225.327,344.306,0.8
227.323,344.183,0.8
229.32,344.061,0.8
231.316,343.938,0.8
233.31,343.784,0.8
235.303,343.616,0.8
237.296,343.449,0.8
239.289,343.281,0.8
241.282,343.113,0.8
243.275,342.946,0.8
245.267,342.778,0.8
247.261,342.617,0.8
249.257,342.486,0.8
251.252,342.356,0.8
253.248,342.226,0.8
255.244,342.096,0.8
257.24,341.965,0.8
259.235,341.835,0.8
261.231,341.705,0.8
263.219,341.511,0.8
265.19,341.169,0.8
267.16,340.827,0.8
269.131,340.485,0.8
271.102,340.143,0.8
273.072,339.801,0.8
275.043,339.459,0.8
277.013,339.117,0.8
278.984,338.775,0.8
280.954,338.433,0.8
282.925,338.092,0.8
284.896,337.752,0.8
286.867,337.413,0.8
288.838,337.073,0.8
290.809,336.734,0.8
292.78,336.394,0.8
294.739,335.996,0.8
296.688,335.549,0.8
298.638,335.102,0.8
300.587,334.655,0.8
302.537,334.209,0.8
304.486,333.762,0.8
306.436,333.315,0.8
308.381,332.85,0.8
310.324,332.376,0.8
312.267,331.902,0.8
314.21,331.428,0.8
316.153,330.954,0.8
318.096,330.48,0.8
320.039,330.006,0.8
321.982,329.532,0.8
323.924,329.053,0.8
325.856,328.536,0.8
327.788,328.019,0.8
329.72,327.501,0.8
331.652,326.984,0.8
333.584,326.467,0.8
335.515,325.95,0.8
337.381,325.234,0.8
339.236,324.485,0.8
341.09,323.737,0.8
342.945,322.988,0.8
344.8,322.239,0.8
346.654,321.491,0.8
348.44,320.608,0.8
350.134,319.545,0.8
351.828,318.482,0.8
353.522,317.419,0.8
355.216,316.355,0.8
356.91,315.292,0.8
358.604,314.229,0.8
360.298,313.166,0.8
361.857,311.918,0.8
363.378,310.619,0.8
364.898,309.32,0.8
366.419,308.021,0.8
367.939,306.722,0.8
369.46,305.423,0.8
370.793,303.936,0.8
372.092,302.415,0.8
373.391,300.894,0.8
374.689,299.373,0.8
375.988,297.852,0.8
377.268,296.317,0.8
378.469,294.717,0.8
379.669,293.117,0.8
380.87,291.518,0.8
382.07,289.918,0.8
383.271,288.319,0.8
384.136,286.522,0.8
384.948,284.694,0.8
385.759,282.866,0.8
386.57,281.038,0.8
387.382,279.21,0.8
388.081,277.34,0.8
388.67,275.429,0.8
389.26,273.518,0.8
389.85,271.607,0.8
390.44,269.696,0.8
391.03,267.785,0.8
391.495,265.843,0.8
391.849,263.875,0.8
392.203,261.907,0.8
392.556,259.938,0.8
392.751,257.96,0.8
392.642,255.963,0.8
392.534,253.966,0.8
392.425,251.969,0.8
392.316,249.972,0.8
391.964,248.007,0.8
391.55,246.05,0.8
391.136,244.093,0.8
390.722,242.137,0.8
390.137,240.232,0.8
389.397,238.374,0.8
388.656,236.516,0.8
387.888,234.671,0.8
386.932,232.915,0.8
385.975,231.158,0.8
385.018,229.402,0.8
384.061,227.646,0.8
383.104,225.89,0.8
382.147,224.133,0.8
380.902,222.579,0.8
379.578,221.08,0.8
378.253,219.582,0.8
376.929,218.083,0.8
375.605,216.585,0.8
374.28,215.086,0.8
372.956,213.587,0.8
371.597,212.123,0.8
370.083,210.816,0.8
368.569,209.51,0.8
367.055,208.204,0.8
365.54,206.897,0.8
364.026,205.591,0.8
362.458,204.364,0.8
360.686,203.436,0.8
358.914,202.508,0.8
357.142,201.58,0.8
355.371,200.652,0.8
353.579,199.764,0.8
351.773,198.904,0.8
349.968,198.044,0.8
348.162,197.184,0.8
346.357,196.324,0.8
344.547,195.473,0.8
342.659,194.812,0.8
340.772,194.151,0.8
338.884,193.49,0.8
336.997,192.829,0.8
335.109,192.168,0.8
333.154,191.756,0.8
331.19,191.378,0.8
329.226,191,0.8
327.262,190.621,0.8
325.299,190.243,0.8
323.332,189.879,0.8
321.36,189.548,0.8
319.387,189.217,0.8
317.415,188.886,0.8
315.442,188.555,0.8
313.47,188.224,0.8
311.498,187.893,0.8
309.516,187.626,0.8
307.529,187.397,0.8
305.542,187.168,0.8
303.556,186.939,0.8
301.569,186.71,0.8
299.582,186.482,0.8
297.595,186.253,0.8
295.608,186.024,0.8
293.621,185.795,0.8
291.634,185.566,0.8
289.646,185.355,0.8
287.654,185.168,0.8
285.663,184.981,0.8
283.672,184.793,0.8
281.681,184.606,0.8
279.69,184.419,0.8
277.698,184.231,0.8
275.707,184.044,0.8
273.716,183.857,0.8
271.721,183.724,0.8
269.724,183.601,0.8
267.728,183.479,0.8
265.732,183.356,0.8
263.736,183.233,0.8
261.739,183.11,0.8
259.742,183.011,0.8
257.743,182.97,0.8
255.743,182.929,0.8
253.743,182.887,0.8
251.744,182.846,0.8
249.744,182.805,0.8
247.745,182.763,0.8
245.745,182.722,0.8
243.747,182.813,0.8
241.749,182.903,0.8
239.751,182.993,0.8
237.753,183.083,0.8
235.755,183.174,0.8
233.757,183.264,0.8
231.759,183.354,0.8
229.761,183.444,0.8
227.763,183.531,0.8
225.764,183.588,0.8
223.765,183.644,0.8
221.766,183.7,0.8
219.767,183.756,0.8
217.767,183.813,0.8
215.768,183.869,0.8
213.769,183.925,0.8
211.769,183.949,0.8
209.769,183.972,0.8
207.769,183.994,0.8
205.769,184.017,0.8
203.77,184.039,0.8
201.77,184.062,0.8
199.77,184.084,0.8
197.77,184.107,0.8
195.77,184.129,0.8
193.77,184.152,0.8
808.615,626.945,0.75
806.88,625.951,0.75
805.144,624.956,0.75
803.409,623.962,0.75
801.674,622.967,0.75
799.939,621.972,0.75
798.204,620.978,0.75
796.469,619.983,0.75
794.782,618.916,0.75
793.192,617.702,0.75
791.602,616.489,0.75
790.012,615.275,0.75
788.423,614.062,0.75
786.805,612.887,0.75
785.151,611.762,0.75
783.498,610.637,0.75
781.844,609.512,0.75
780.191,608.387,0.75
778.537,607.262,0.75
776.879,606.144,0.75
775.21,605.041,0.75
773.541,603.939,0.75
771.873,602.837,0.75
770.204,601.734,0.75
768.535,600.632,0.75
766.866,599.53,0.75
765.197,598.428,0.75
763.587,597.243,0.75
762.009,596.015,0.75
760.431,594.787,0.75
758.852,593.558,0.75
757.274,592.33,0.75
755.696,591.101,0.75
754.118,589.873,0.75
752.539,588.644,0.75
750.963,587.414,0.75
749.406,586.158,0.75
747.85,584.902,0.75
746.293,583.646,0.75
744.736,582.391,0.75
743.18,581.135,0.75
741.623,579.879,0.75
740.067,578.623,0.75
738.526,577.349,0.75
737,576.056,0.75
735.474,574.763,0.75
733.948,573.47,0.75
732.422,572.177,0.75
730.896,570.884,0.75
729.37,569.592,0.75
727.844,568.299,0.75
726.329,566.994,0.75
724.852,565.644,0.75
723.376,564.295,0.75
721.9,562.945,0.75
720.424,561.596,0.75
718.948,560.246,0.75
717.472,558.897,0.75
716.024,557.519,0.75
714.632,556.083,0.75
713.24,554.647,0.75
711.848,553.21,0.75
710.456,551.774,0.75
709.064,550.338,0.75
707.672,548.902,0.75
706.28,547.466,0.75
704.888,546.03,0.75
703.496,544.594,0.75
702.104,543.158,0.75
700.712,541.721,0.75
699.32,540.285,0.75
697.887,538.89,0.75
696.449,537.5,0.75
695.011,536.11,0.75
693.573,534.72,0.75
692.135,533.33,0.75
690.697,531.941,0.75
689.259,530.551,0.75
687.821,529.161,0.75
686.382,527.771,0.75
685.027,526.302,0.75
683.705,524.802,0.75
682.382,523.301,0.75
681.059,521.801,0.75
679.737,520.301,0.75
678.414,518.801,0.75
677.092,517.3,0.75
675.769,515.8,0.75
674.446,514.3,0.75
673.097,512.824,0.75
671.734,511.361,0.75
670.37,509.897,0.75
669.007,508.434,0.75
667.643,506.971,0.75
666.28,505.508,0.75
664.916,504.045,0.75
663.552,502.582,0.75
662.189,501.119,0.75
660.825,499.655,0.75
659.462,498.192,0.75
658.098,496.729,0.75
656.775,495.23,0.75
655.47,493.715,0.75
654.165,492.199,0.75
652.861,490.683,0.75
651.556,489.167,0.75
650.251,487.651,0.75
648.947,486.135,0.75
647.642,484.619,0.75
646.338,483.103,0.75
645.055,481.569,0.75
643.805,480.008,0.75
642.555,478.447,0.75
641.305,476.886,0.75
640.055,475.324,0.75
638.805,473.763,0.75
637.555,472.202,0.75
636.305,470.64,0.75
635.062,469.073,0.75
633.894,467.45,0.75
632.725,465.827,0.75
631.557,464.204,0.75
630.388,462.581,0.75
629.219,460.958,0.75
628.051,459.335,0.75
626.905,457.697,0.75
625.894,455.971,0.75
624.883,454.246,0.75
623.871,452.521,0.75
622.86,450.795,0.75
621.848,449.07,0.75
620.837,447.344,0.75
619.826,445.619,0.75
618.814,443.893,0.75
617.836,442.15,0.75
616.91,440.377,0.75
615.984,438.604,0.75
615.059,436.831,0.75
614.133,435.058,0.75
613.207,433.285,0.75
612.282,431.512,0.75
611.356,429.739,0.75
610.453,427.955,0.75
609.578,426.157,0.75
608.703,424.358,0.75
607.829,422.56,0.75
606.954,420.761,0.75
606.079,418.962,0.75
605.207,417.163,0.75
604.523,415.283,0.75
603.84,413.404,0.75
603.156,411.524,0.75
602.473,409.645,0.75
601.789,407.765,0.75
601.216,405.853,0.75
600.766,403.904,0.75
600.316,401.955,0.75
599.866,400.007,0.75
599.416,398.058,0.75
599.03,396.097,0.75
598.73,394.12,0.75
598.43,392.142,0.75
598.129,390.165,0.75
597.829,388.188,0.75
597.529,386.21,0.75
597.305,384.226,0.75
597.25,382.227,0.75
597.195,380.228,0.75
597.14,378.228,0.75
597.126,376.229,0.75
597.179,374.23,0.75
597.232,372.231,0.75
597.286,370.231,0.75
597.339,368.232,0.75
597.392,366.233,0.75
597.499,364.237,0.75
597.732,362.251,0.75
597.965,360.264,0.75
598.197,358.278,0.75
598.43,356.292,0.75
598.693,354.31,0.75
599.089,352.35,0.75
599.486,350.389,0.75
599.882,348.429,0.75
600.278,346.469,0.75
600.675,344.508,0.75
601.304,342.615,0.75
602.018,340.747,0.75
602.732,338.879,0.75
603.446,337.011,0.75
604.166,335.145,0.75
605.075,333.364,0.75
605.985,331.583,0.75
606.894,329.801,0.75
607.803,328.02,0.75
608.712,326.238,0.75
609.621,324.457,0.75
610.7,322.773,0.75
611.784,321.093,0.75
612.869,319.412,0.75
613.953,317.732,0.75
615.056,316.065,0.75
616.366,314.553,0.75
617.675,313.042,0.75
618.985,311.53,0.75
620.294,310.018,0.75
621.633,308.535,0.75
623.083,307.158,0.75
624.534,305.781,0.75
625.984,304.404,0.75
627.435,303.027,0.75
628.885,301.65,0.75
630.373,300.317,0.75
631.973,299.117,0.75
633.574,297.918,0.75
635.174,296.718,0.75
636.775,295.519,0.75
638.375,294.32,0.75
639.976,293.12,0.75
641.62,291.985,0.75
643.31,290.915,0.75
644.999,289.845,0.75
646.689,288.775,0.75
648.379,287.705,0.75
650.069,286.635,0.75
651.766,285.578,0.75
653.493,284.569,0.75
655.22,283.559,0.75
656.946,282.55,0.75
658.673,281.541,0.75
660.4,280.532,0.75
662.126,279.522,0.75
663.889,278.579,0.75
665.677,277.683,0.75
667.465,276.787,0.75
669.253,275.891,0.75
671.041,274.996,0.75
672.829,274.1,0.75
674.618,273.204,0.75
676.447,272.401,0.75
678.309,271.671,0.75
680.171,270.941,0.75
682.033,270.211,0.75
683.895,269.481,0.75
685.757,268.751,0.75
687.619,268.021,0.75
689.482,267.293,0.75
691.383,266.671,0.75
693.283,266.049,0.75
695.184,265.426,0.75
697.085,264.804,0.75
698.986,264.182,0.75
700.886,263.56,0.75
702.795,262.963,0.75
704.715,262.401,0.75
706.634,261.84,0.75
708.554,261.278,0.75
710.473,260.716,0.75
712.393,260.155,0.75
714.312,259.593,0.75
716.233,259.037,0.75
718.173,258.549,0.75
720.113,258.062,0.75
722.052,257.574,0.75
723.992,257.086,0.75
725.931,256.598,0.75
727.871,256.11,0.75
729.81,255.622,0.75
731.75,255.135,0.75
733.704,254.71,0.75
735.661,254.294,0.75
737.617,253.879,0.75
739.573,253.463,0.75
741.53,253.047,0.75
743.498,252.698,0.75
745.473,252.379,0.75
747.447,252.059,0.75
749.421,251.74,0.75
751.396,251.421,0.75
753.37,251.102,0.75
755.361,250.92,0.75
757.354,250.749,0.75
759.347,250.577,0.75
761.339,250.406,0.75
763.332,250.235,0.75
765.325,250.064,0.75
767.317,249.893,0.75
769.307,249.685,0.75
771.296,249.477,0.75
773.285,249.269,0.75
775.274,249.06,0.75
777.263,248.852,0.75
779.252,248.643,0.75
781.244,248.486,0.75
783.244,248.486,0.75
785.244,248.486,0.75
787.244,248.486,0.75
789.244,248.486,0.75
791.244,248.486,0.75
793.244,248.486,0.75
795.244,248.486,0.75
797.244,248.486,0.75
799.244,248.486,0.75
801.244,248.486,0.75
803.244,248.486,0.75
805.244,248.486,0.75
807.244,248.486,0.75
809.244,248.487,0.75
811.244,248.527,0.75
813.243,248.568,0.75
815.243,248.608,0.75
817.242,248.648,0.75
819.242,248.689,0.75
821.242,248.729,0.75
823.241,248.769,0.75
825.241,248.81,0.75
827.24,248.85,0.75
340.274,559.787,0.8
340.143,557.792,0.8
340.012,555.796,0.8
339.882,553.8,0.8
339.751,551.804,0.8
339.62,549.809,0.8
339.311,547.834,0.8
338.971,545.863,0.8
338.631,543.892,0.8
338.29,541.922,0.8
337.655,540.026,0.8
337.015,538.131,0.8
336.376,536.236,0.8
335.736,534.341,0.8
335.096,532.446,0.8
334.302,530.615,0.8
333.42,528.82,0.8
332.538,527.025,0.8
331.655,525.23,0.8
330.648,523.509,0.8
329.496,521.874,0.8
328.345,520.239,0.8
327.178,518.615,0.8
325.952,517.035,0.8
324.726,515.454,0.8
323.501,513.874,0.8
322.275,512.293,0.8
321.049,510.713,0.8
319.789,509.162,0.8
318.426,507.698,0.8
317.063,506.234,0.8
315.698,504.773,0.8
314.188,503.461,0.8
312.679,502.149,0.8
311.17,500.837,0.8
309.66,499.525,0.8
308.049,498.346,0.8
306.385,497.237,0.8
304.721,496.127,0.8
303.057,495.018,0.8
301.392,493.909,0.8
299.7,492.842,0.8
298.009,491.776,0.8
296.317,490.709,0.8
294.622,489.648,0.8
292.819,488.783,0.8
291.015,487.919,0.8
289.212,487.054,0.8
287.408,486.189,0.8
285.605,485.325,0.8
283.801,484.46,0.8
282.011,483.568,0.8
280.222,482.674,0.8
278.433,481.78,0.8
276.644,480.886,0.8
274.818,480.071,0.8
272.991,479.258,0.8
271.163,478.444,0.8
269.336,477.631,0.8
267.509,476.818,0.8
265.679,476.01,0.8
263.835,475.237,0.8
261.99,474.464,0.8
260.146,473.69,0.8
258.302,472.917,0.8
256.456,472.147,0.8
254.572,471.477,0.8
252.687,470.806,0.8
250.803,470.135,0.8
248.919,469.464,0.8
247.035,468.794,0.8
245.151,468.123,0.8
243.267,467.452,0.8
241.366,466.829,0.8
239.458,466.231,0.8
237.55,465.633,0.8
235.641,465.035,0.8
233.733,464.436,0.8
231.816,463.865,0.8
229.888,463.336,0.8
227.959,462.807,0.8
226.03,462.278,0.8
224.101,461.749,0.8
222.174,461.216,0.8
220.251,460.663,0.8
218.329,460.111,0.8
216.407,459.559,0.8
214.485,459.006,0.8
212.563,458.454,0.8
210.6,458.07,0.8
208.636,457.696,0.8
206.671,457.321,0.8
204.706,456.947,0.8
202.742,456.573,0.8
200.777,456.199,0.8
198.812,455.825,0.8
196.848,455.45,0.8
194.883,455.076,0.8
192.917,454.71,0.8
190.93,454.478,0.8
188.944,454.247,0.8
186.957,454.015,0.8
184.971,453.783,0.8
182.984,453.551,0.8
180.998,453.319,0.8
179.011,453.087,0.8
177.025,452.856,0.8
175.038,452.624,0.8
173.042,452.521,0.8
171.043,452.445,0.8
169.045,452.37,0.8
167.046,452.294,0.8
165.048,452.218,0.8
163.049,452.143,0.8
161.05,452.067,0.8
159.052,451.991,0.8
157.053,451.916,0.8
155.053,451.914,0.8
153.053,451.914,0.8
151.053,451.914,0.8
149.053,451.914,0.8
147.053,451.914,0.8
145.053,451.914,0.8
143.053,451.914,0.8
141.055,451.99,0.8
139.058,452.091,0.8
137.06,452.191,0.8
135.063,452.292,0.8
133.065,452.392,0.8
131.068,452.493,0.8
129.07,452.593,0.8
127.073,452.694,0.8
125.075,452.794,0.8
123.083,452.957,0.8
121.098,453.198,0.8
119.112,453.439,0.8
117.127,453.679,0.8
115.141,453.92,0.8
113.156,454.161,0.8
111.171,454.402,0.8
109.185,454.643,0.8
107.2,454.884,0.8
648.018,673.018,0.75
647.235,671.177,0.75
646.453,669.337,0.75
645.671,667.496,0.75
644.888,665.655,0.75
644.106,663.815,0.75
643.323,661.974,0.75
642.541,660.134,0.75
641.71,658.316,0.75
640.78,656.545,0.75
639.851,654.774,0.75
638.921,653.004,0.75
637.991,651.233,0.75
637.062,649.462,0.75
636.132,647.691,0.75
635.203,645.92,0.75
634.273,644.15,0.75
633.343,642.379,0.75
632.433,640.598,0.75
631.526,638.815,0.75
630.618,637.033,0.75
629.711,635.251,0.75
628.803,633.469,0.75
627.896,631.687,0.75
626.988,629.904,0.75
626.081,628.122,0.75
625.173,626.34,0.75
624.172,624.608,0.75
623.166,622.88,0.75
622.16,621.151,0.75
621.154,619.423,0.75
620.148,617.694,0.75
619.142,615.966,0.75
618.135,614.237,0.75
617.129,612.509,0.75
616.123,610.78,0.75
615.115,609.053,0.75
614.042,607.365,0.75
612.969,605.678,0.75
611.896,603.99,0.75
610.823,602.302,0.75
609.75,600.614,0.75
608.677,598.927,0.75
607.604,597.239,0.75
606.55,595.539,0.75
605.499,593.837,0.75
604.448,592.136,0.75
603.396,590.434,0.75
602.345,588.733,0.75
601.294,587.032,0.75
600.242,585.33,0.75
599.191,583.629,0.75
598.129,581.935,0.75
596.973,580.303,0.75
595.817,578.67,0.75
594.661,577.038,0.75
593.506,575.406,0.75
592.294,573.816,0.75
591.032,572.265,0.75
589.769,570.714,0.75
588.506,569.163,0.75
587.243,567.612,0.75
585.98,566.061,0.75
584.718,564.51,0.75
583.417,562.991,0.75
582.095,561.49,0.75
580.773,559.99,0.75
579.451,558.489,0.75
578.129,556.988,0.75
576.799,555.495,0.75
575.413,554.053,0.75
574.027,552.611,0.75
572.641,551.169,0.75
571.255,549.728,0.75
569.869,548.286,0.75
568.483,546.844,0.75
567.097,545.402,0.75
565.711,543.96,0.75
564.325,542.518,0.75
562.939,541.076,0.75
561.503,539.684,0.75
560.057,538.303,0.75
558.611,536.921,0.75
557.164,535.54,0.75
555.718,534.159,0.75
554.272,532.777,0.75
552.825,531.396,0.75
551.379,530.015,0.75
549.933,528.633,0.75
548.486,527.252,0.75
546.976,525.941,0.75
545.465,524.63,0.75
543.955,523.32,0.75
542.444,522.009,0.75
540.933,520.698,0.75
539.423,519.388,0.75
537.912,518.077,0.75
536.401,516.766,0.75
534.879,515.47,0.75
533.305,514.236,0.75
531.731,513.002,0.75
530.157,511.767,0.75
528.584,510.533,0.75
527.01,509.299,0.75
525.436,508.065,0.75
523.862,506.831,0.75
522.288,505.596,0.75
520.715,504.362,0.75
519.139,503.131,0.75
517.541,501.928,0.75
515.943,500.725,0.75
514.345,499.522,0.75
512.747,498.32,0.75
511.149,497.117,0.75
509.551,495.914,0.75
507.953,494.711,0.75
506.355,493.509,0.75
504.758,492.306,0.75
503.16,491.103,0.75
501.41,490.148,0.75
499.615,489.265,0.75
497.821,488.381,0.75
496.023,487.506,0.75
494.198,486.687,0.75
492.373,485.869,0.75
490.548,485.05,0.75
488.724,484.231,0.75
486.876,483.468,0.75
485.003,482.765,0.75
483.131,482.062,0.75
481.259,481.359,0.75
479.386,480.656,0.75
477.506,479.977,0.75
475.595,479.387,0.75
473.684,478.797,0.75
471.773,478.207,0.75
469.851,477.656,0.75
467.917,477.147,0.75
465.982,476.638,0.75
464.026,476.231,0.75
462.056,475.883,0.75
460.087,475.535,0.75
458.102,475.308,0.75
456.108,475.165,0.75
454.113,475.022,0.75
452.118,474.879,0.75
450.122,474.745,0.75
448.125,474.634,0.75
446.129,474.522,0.75
444.14,474.506,0.75
442.188,474.945,0.75
440.237,475.384,0.75
438.286,475.823,0.75
436.373,476.408,0.75
434.462,476.996,0.75
432.551,477.585,0.75
430.639,478.173,0.75
428.806,478.961,0.75
427.002,479.826,0.75
425.199,480.691,0.75
423.396,481.556,0.75
421.807,482.77,0.75
420.22,483.988,0.75
418.634,485.205,0.75
417.047,486.423,0.75
415.494,487.676,0.75
414.186,489.189,0.75
412.878,490.702,0.75
411.57,492.215,0.75
410.275,493.739,0.75
409.001,495.28,0.75
407.889,496.93,0.75
406.96,498.701,0.75
406.031,500.473,0.75
405.454,502.359,0.75
405.177,504.337,0.75
405.436,506.32,0.75
405.632,508.308,0.75
405.721,510.3,0.75
406.33,512.205,0.75
407.028,514.068,0.75
408.109,515.751,0.75
409.19,517.433,0.75
410.271,519.116,0.75
411.431,520.745,0.75
412.613,522.357,0.75
413.893,523.894,0.75
415.174,525.431,0.75
416.454,526.967,0.75
417.853,528.387,0.75
419.365,529.696,0.75
420.877,531.005,0.75
422.261,532.445,0.75
423.592,533.937,0.75
425.095,535.25,0.75
426.648,536.51,0.75
428.2,537.771,0.75
429.804,538.963,0.75
431.47,540.069,0.75
433.136,541.175,0.75
434.802,542.282,0.75
436.469,543.388,0.75
438.135,544.494,0.75
439.801,545.6,0.75
441.466,546.708,0.75
443.052,547.927,0.75
444.637,549.146,0.75
446.223,550.365,0.75
447.809,551.584,0.75
449.394,552.803,0.75
450.98,554.021,0.75
452.566,555.24,0.75
454.151,556.459,0.75
455.65,557.776,0.75
457.052,559.203,0.75
458.454,560.629,0.75
459.855,562.056,0.75
461.257,563.482,0.75
462.659,564.909,0.75
464.061,566.335,0.75
465.463,567.762,0.75
466.865,569.188,0.75
468.266,570.615,0.75
469.668,572.041,0.75
470.992,573.54,0.75
472.294,575.058,0.75
473.596,576.576,0.75
474.898,578.094,0.75
476.2,579.612,0.75
477.503,581.13,0.75
478.805,582.648,0.75
480.107,584.166,0.75
481.409,585.684,0.75
482.578,587.304,0.75
483.711,588.953,0.75
484.843,590.601,0.75
485.976,592.249,0.75
487.109,593.898,0.75
488.241,595.546,0.75
489.374,597.195,0.75
490.506,598.843,0.75
491.639,600.491,0.75
492.772,602.14,0.75
493.904,603.788,0.75
494.99,605.466,0.75
495.999,607.193,0.75
497.008,608.92,0.75
498.018,610.646,0.75
499.027,612.373,0.75
500.036,614.1,0.75
501.045,615.826,0.75
502.055,617.553,0.75
503.064,619.28,0.75
503.99,621.052,0.75
504.903,622.831,0.75
505.817,624.61,0.75
506.73,626.39,0.75
507.644,628.169,0.75
508.557,629.948,0.75
509.471,631.727,0.75
510.384,633.506,0.75
511.233,635.316,0.75
512.004,637.161,0.75
512.776,639.006,0.75
513.547,640.852,0.75
514.319,642.697,0.75
515.09,644.542,0.75
515.861,646.387,0.75
516.633,648.232,0.75
517.404,650.078,0.75
518.176,651.923,0.75
518.947,653.768,0.75
519.719,655.613,0.75
520.514,657.449,0.75
521.314,659.281,0.75
522.114,661.114,0.75
522.915,662.947,0.75
523.715,664.78,0.75
524.516,666.613,0.75
525.316,668.446,0.75
