27.805,478.967,30.0
29.796,479.148,30.0
31.788,479.329,30.0
33.78,479.509,30.0
35.772,479.69,30.0
37.76,479.911,30.0
39.757,480.016,30.0
41.752,480.139,30.0
43.742,480.34,30.0
45.735,480.486,30.0
47.735,480.511,30.0
49.724,480.338,30.0
51.699,480.032,30.0
53.662,479.649,30.0
55.576,479.069,30.0
57.478,478.453,30.0
59.356,477.765,30.0
61.217,477.031,30.0
63.061,476.258,30.0
64.866,475.401,30.0
66.616,474.433,30.0
68.316,473.38,30.0
69.971,472.258,30.0
71.56,471.046,30.0
73.091,469.761,30.0
74.567,468.411,30.0
75.962,466.978,30.0
77.351,465.539,30.0
78.646,464.024,30.0
79.794,462.387,30.0
80.871,460.705,30.0
81.756,458.915,30.0
82.517,457.066,30.0
83.178,455.18,30.0
83.708,453.252,30.0
84.101,451.291,30.0
84.309,449.306,30.0
84.367,447.308,30.0
84.289,445.31,30.0
84.066,443.323,30.0
83.627,441.374,30.0
83.015,439.47,30.0
82.444,437.554,30.0
81.642,435.735,30.0
80.748,433.948,30.0
79.872,432.153,30.0
78.762,430.49,30.0
77.531,428.916,30.0
76.253,427.377,30.0
74.97,425.843,30.0
73.543,424.45,30.0
72.027,423.146,30.0
70.498,421.856,30.0
68.954,420.585,30.0
67.389,419.34,30.0
65.756,418.186,30.0
64.044,417.153,30.0
62.311,416.155,30.0
60.55,415.208,30.0
58.767,414.302,30.0
56.997,413.371,30.0
55.216,412.467,30.0
53.395,411.642,30.0
51.607,410.747,30.0
49.796,409.9,30.0
47.94,409.154,30.0
46.074,408.434,30.0
44.186,407.776,30.0
42.28,407.171,30.0
40.373,406.566,30.0
38.442,406.049,30.0
36.502,405.564,30.0
34.558,405.094,30.0
251.246,583.684,30.0
249.316,583.158,30.0
247.386,582.632,30.0
245.458,582.103,30.0
243.539,581.538,30.0
241.621,580.973,30.0
239.702,580.408,30.0
237.784,579.841,30.0
235.88,579.23,30.0
233.975,578.619,30.0
232.071,578.009,30.0
230.196,577.312,30.0
228.326,576.603,30.0
226.456,575.894,30.0
224.586,575.186,30.0
222.716,574.477,30.0
220.851,573.753,30.0
218.994,573.011,30.0
217.137,572.269,30.0
215.28,571.526,30.0
213.432,570.76,30.0
211.587,569.988,30.0
209.742,569.216,30.0
207.884,568.477,30.0
206.016,567.764,30.0
204.147,567.051,30.0
202.366,566.143,30.0
200.592,565.219,30.0
198.818,564.295,30.0
197.045,563.371,30.0
195.289,562.414,30.0
193.545,561.435,30.0
191.827,560.414,30.0
190.165,559.301,30.0
188.503,558.188,30.0
186.835,557.084,30.0
185.166,555.983,30.0
183.498,554.879,30.0
181.834,553.77,30.0
180.189,552.635,30.0
178.647,551.361,30.0
177.105,550.088,30.0
175.609,548.76,30.0
174.114,547.432,30.0
172.588,546.139,30.0
171.042,544.87,30.0
169.597,543.488,30.0
168.153,542.105,30.0
166.75,540.679,30.0
165.364,539.238,30.0
164.019,537.76,30.0
162.793,536.18,30.0
161.567,534.6,30.0
160.339,533.021,30.0
159.132,531.427,30.0
157.974,529.796,30.0
156.831,528.155,30.0
155.711,526.498,30.0
154.697,524.775,30.0
153.694,523.045,30.0
152.703,521.307,30.0
151.721,519.565,30.0
150.844,517.768,30.0
149.976,515.967,30.0
149.368,514.062,30.0
148.759,512.156,30.0
148.226,510.23,30.0
147.729,508.292,30.0
147.237,506.354,30.0
146.747,504.415,30.0
146.377,502.45,30.0
146.027,500.481,30.0
145.738,498.502,30.0
145.496,496.517,30.0
145.319,494.525,30.0
145.15,492.532,30.0
145.107,490.537,30.0
145.186,488.538,30.0
145.396,486.55,30.0
145.655,484.568,30.0
146.022,482.602,30.0
146.501,480.664,30.0
147.127,478.765,30.0
147.765,476.869,30.0
148.492,475.01,30.0
149.367,473.211,30.0
150.305,471.446,30.0
151.29,469.705,30.0
152.418,468.055,30.0
153.618,466.457,30.0
154.927,464.945,30.0
156.34,463.539,30.0
157.866,462.246,30.0
159.401,460.964,30.0
160.984,459.742,30.0
162.621,458.603,30.0
164.386,457.663,30.0
166.151,456.723,30.0
167.915,455.78,30.0
169.752,454.992,30.0
171.602,454.231,30.0
173.443,453.451,30.0
175.276,452.651,30.0
177.109,451.851,30.0
178.957,451.087,30.0
180.825,450.371,30.0
182.692,449.656,30.0
184.551,448.917,30.0
186.415,448.197,30.0
188.361,447.734,30.0
190.306,447.271,30.0
192.252,446.808,30.0
194.192,446.322,30.0
196.128,445.822,30.0
198.065,445.321,30.0
199.98,444.745,30.0
201.888,444.147,30.0
203.825,443.661,30.0
205.788,443.279,30.0
207.747,442.877,30.0
209.679,442.362,30.0
211.609,441.836,30.0
213.534,441.293,30.0
215.459,440.751,30.0
217.352,440.108,30.0
219.235,439.435,30.0
221.082,438.668,30.0
222.896,437.833,30.0
224.615,436.812,30.0
226.33,435.783,30.0
228.024,434.72,30.0
229.673,433.59,30.0
231.288,432.41,30.0
232.886,431.208,30.0
234.451,429.963,30.0
235.975,428.671,30.0
237.41,427.278,30.0
238.76,425.803,30.0
240.08,424.301,30.0
241.367,422.773,30.0
242.527,421.143,30.0
243.647,419.49,30.0
244.542,417.701,30.0
245.351,415.878,30.0
245.943,413.968,30.0
246.536,412.058,30.0
246.922,410.097,30.0
247.284,408.13,30.0
247.556,406.149,30.0
247.785,404.162,30.0
247.942,402.169,30.0
247.589,400.204,30.0
247.083,398.275,30.0
246.416,396.389,30.0
245.72,394.514,30.0
245.01,392.644,30.0
244.11,390.864,30.0
243.006,389.202,30.0
241.788,387.616,30.0
240.57,386.029,30.0
239.381,384.421,30.0
238.182,382.821,30.0
236.896,381.289,30.0
235.603,379.764,30.0
234.185,378.354,30.0
232.767,376.943,30.0
231.349,375.532,30.0
229.974,374.08,30.0
228.51,372.721,30.0
227.011,371.396,30.0
225.534,370.047,30.0
224.059,368.696,30.0
222.535,367.403,30.0
220.996,366.125,30.0
219.457,364.848,30.0
217.896,363.598,30.0
216.321,362.366,30.0
214.745,361.134,30.0
213.105,359.993,30.0
211.414,358.925,30.0
209.719,357.864,30.0
208.008,356.829,30.0
206.297,355.793,30.0
204.586,354.757,30.0
202.898,353.684,30.0
201.216,352.602,30.0
199.534,351.521,30.0
197.842,350.454,30.0
196.119,349.44,30.0
194.395,348.426,30.0
192.671,347.412,30.0
190.947,346.398,30.0
189.175,345.471,30.0
187.4,344.55,30.0
185.624,343.629,30.0
183.853,342.701,30.0
182.104,341.73,30.0
180.356,340.759,30.0
178.608,339.788,30.0
176.823,338.887,30.0
175.015,338.033,30.0
173.206,337.178,30.0
171.393,336.335,30.0
169.57,335.512,30.0
167.748,334.688,30.0
165.896,333.933,30.0
164.041,333.185,30.0
162.186,332.436,30.0
160.38,331.578,30.0
158.577,330.713,30.0
156.773,329.849,30.0
155.044,328.844,30.0
153.315,327.839,30.0
151.586,326.834,30.0
149.85,325.84,30.0
148.111,324.853,30.0
146.42,323.792,30.0
144.819,322.593,30.0
143.219,321.393,30.0
141.66,320.141,30.0
140.102,318.886,30.0
138.593,317.574,30.0
137.093,316.251,30.0
135.62,314.899,30.0
134.181,313.51,30.0
132.743,312.12,30.0
131.304,310.731,30.0
549.16,695.983,35.0
548.463,694.109,35.0
547.766,692.234,35.0
547.07,690.359,35.0
546.373,688.484,35.0
545.609,686.638,35.0
544.774,684.82,35.0
543.94,683.002,35.0
543.106,681.185,35.0
542.271,679.367,35.0
541.437,677.55,35.0
540.603,675.732,35.0
539.761,673.918,35.0
538.696,672.225,35.0
537.631,670.532,35.0
536.567,668.839,35.0
535.502,667.146,35.0
534.438,665.453,35.0
533.373,663.76,35.0
532.308,662.067,35.0
531.244,660.373,35.0
530.096,658.737,35.0
528.917,657.121,35.0
527.738,655.506,35.0
526.559,653.89,35.0
525.38,652.275,35.0
524.201,650.659,35.0
523.022,649.043,35.0
521.806,647.457,35.0
520.516,645.928,35.0
519.227,644.399,35.0
517.938,642.871,35.0
516.648,641.342,35.0
515.359,639.813,35.0
514.069,638.284,35.0
512.78,636.755,35.0
511.447,635.265,35.0
510.073,633.812,35.0
508.698,632.359,35.0
507.324,630.906,35.0
505.95,629.453,35.0
504.575,628,35.0
503.185,626.563,35.0
501.752,625.168,35.0
500.319,623.772,35.0
498.886,622.377,35.0
497.453,620.982,35.0
496.02,619.587,35.0
494.587,618.192,35.0
493.154,616.797,35.0
491.72,615.402,35.0
490.287,614.007,35.0
488.875,612.591,35.0
487.471,611.167,35.0
486.067,609.742,35.0
484.663,608.318,35.0
483.259,606.893,35.0
481.855,605.469,35.0
480.352,604.15,35.0
478.843,602.838,35.0
477.334,601.525,35.0
475.825,600.213,35.0
474.316,598.901,35.0
472.806,597.588,35.0
471.297,596.276,35.0
469.788,594.964,35.0
468.191,593.762,35.0
466.568,592.593,35.0
464.945,591.425,35.0
463.322,590.256,35.0
461.699,589.087,35.0
460.076,587.919,35.0
458.452,586.75,35.0
456.773,585.667,35.0
455.061,584.633,35.0
453.35,583.598,35.0
451.638,582.564,35.0
449.926,581.529,35.0
448.171,580.573,35.0
446.395,579.654,35.0
444.618,578.734,35.0
442.842,577.815,35.0
441.066,576.895,35.0
439.29,575.976,35.0
437.503,575.078,35.0
435.714,574.185,35.0
433.925,573.291,35.0
432.135,572.397,35.0
430.346,571.503,35.0
428.557,570.609,35.0
426.753,569.745,35.0
424.94,568.901,35.0
423.127,568.058,35.0
421.314,567.214,35.0
419.5,566.37,35.0
417.687,565.526,35.0
415.874,564.682,35.0
414.061,563.838,35.0
412.232,563.028,35.0
410.402,562.221,35.0
408.572,561.414,35.0
406.742,560.608,35.0
404.912,559.801,35.0
403.082,558.994,35.0
401.252,558.187,35.0
399.381,557.481,35.0
397.509,556.778,35.0
395.636,556.074,35.0
393.764,555.371,35.0
391.892,554.668,35.0
390.019,553.965,35.0
388.147,553.262,35.0
386.275,552.558,35.0
384.402,551.855,35.0
382.531,551.151,35.0
380.665,550.429,35.0
378.8,549.708,35.0
376.935,548.986,35.0
375.07,548.264,35.0
373.204,547.542,35.0
371.339,546.821,35.0
369.474,546.099,35.0
367.64,545.302,35.0
365.816,544.482,35.0
363.991,543.663,35.0
362.167,542.843,35.0
360.343,542.024,35.0
358.518,541.204,35.0
356.694,540.385,35.0
354.932,539.455,35.0
353.295,538.306,35.0
351.658,537.157,35.0
350.021,536.008,35.0
348.384,534.859,35.0
346.747,533.71,35.0
345.11,532.561,35.0
343.56,531.297,35.0
342.016,530.026,35.0
340.472,528.756,35.0
338.927,527.485,35.0
337.383,526.214,35.0
335.942,524.837,35.0
334.618,523.337,35.0
333.295,521.837,35.0
331.972,520.337,35.0
330.649,518.838,35.0
329.326,517.338,35.0
328.044,515.807,35.0
326.976,514.116,35.0
325.907,512.426,35.0
324.839,510.735,35.0
323.771,509.044,35.0
322.702,507.353,35.0
321.634,505.662,35.0
320.835,503.835,35.0
320.094,501.977,35.0
319.354,500.119,35.0
318.614,498.261,35.0
317.899,496.395,35.0
317.451,494.446,35.0
317.002,492.497,35.0
316.554,490.548,35.0
316.105,488.599,35.0
315.656,486.65,35.0
315.208,484.701,35.0
314.939,482.727,35.0
314.86,480.729,35.0
314.78,478.731,35.0
314.701,476.732,35.0
314.622,474.734,35.0
314.801,472.754,35.0
315.165,470.787,35.0
315.533,468.821,35.0
315.904,466.856,35.0
316.274,464.891,35.0
316.645,462.925,35.0
317.016,460.96,35.0
317.405,458.999,35.0
317.822,457.042,35.0
318.238,455.086,35.0
318.654,453.13,35.0
319.07,451.174,35.0
319.463,449.213,35.0
319.813,447.244,35.0
320.162,445.274,35.0
320.512,443.305,35.0
320.862,441.336,35.0
321.214,439.367,35.0
321.705,437.429,35.0
322.195,435.49,35.0
322.686,433.551,35.0
322.949,431.58,35.0
323.005,429.581,35.0
323.06,427.582,35.0
323.05,425.582,35.0
323.012,423.583,35.0
322.975,421.583,35.0
322.937,419.583,35.0
322.862,417.585,35.0
322.756,415.588,35.0
322.649,413.591,35.0
322.543,411.594,35.0
322.338,409.604,35.0
322.12,407.616,35.0
321.901,405.628,35.0
321.41,403.7,35.0
320.785,401.8,35.0
320.16,399.9,35.0
319.346,398.076,35.0
318.485,396.27,35.0
317.625,394.465,35.0
316.713,392.685,35.0
315.801,390.905,35.0
314.888,389.125,35.0
313.902,387.389,35.0
312.81,385.713,35.0
311.718,384.037,35.0
310.627,382.361,35.0
309.518,380.697,35.0
308.297,379.114,35.0
307.076,377.53,35.0
305.844,375.954,35.0
304.547,374.432,35.0
303.249,372.91,35.0
301.952,371.388,35.0
300.615,369.903,35.0
299.182,368.508,35.0
297.749,367.113,35.0
296.315,365.718,35.0
294.871,364.336,35.0
293.335,363.055,35.0
291.799,361.774,35.0
290.263,360.493,35.0
288.727,359.212,35.0
287.065,358.103,35.0
285.38,357.026,35.0
283.695,355.948,35.0
282.002,354.884,35.0
280.294,353.843,35.0
278.587,352.801,35.0
276.879,351.76,35.0
275.131,350.789,35.0
273.377,349.829,35.0
271.622,348.868,35.0
269.868,347.908,35.0
268.116,346.943,35.0
266.366,345.975,35.0
264.616,345.007,35.0
262.865,344.04,35.0
261.115,343.072,35.0
259.365,342.105,35.0
257.601,341.162,35.0
255.817,340.259,35.0
254.032,339.356,35.0
252.247,338.453,35.0
250.494,337.491,35.0
248.743,336.524,35.0
246.992,335.558,35.0
245.241,334.591,35.0
243.499,333.61,35.0
241.781,332.586,35.0
240.063,331.563,35.0
238.344,330.539,35.0
236.626,329.516,35.0
234.933,328.454,35.0
233.324,327.267,35.0
231.714,326.079,35.0
230.104,324.892,35.0
228.508,323.688,35.0
226.976,322.403,35.0
225.444,321.117,35.0
223.912,319.831,35.0
222.38,318.546,35.0
220.892,317.209,35.0
219.416,315.86,35.0
217.939,314.511,35.0
216.465,313.16,35.0
215.014,311.784,35.0
213.563,310.408,35.0
212.111,309.032,35.0
210.66,307.656,35.0
209.233,306.254,35.0
207.808,304.851,35.0
206.383,303.447,35.0
204.963,302.039,35.0
203.586,300.589,35.0
202.209,299.138,35.0
200.832,297.688,35.0
199.455,296.237,35.0
198.161,294.712,35.0
196.875,293.181,35.0
195.589,291.649,35.0
194.303,290.118,35.0
193.016,288.586,35.0
191.753,287.036,35.0
190.534,285.45,35.0
189.316,283.865,35.0
188.097,282.279,35.0
186.878,280.693,35.0
185.66,279.107,35.0
184.441,277.521,35.0
183.222,275.936,35.0
182.004,274.35,35.0
180.801,272.752,35.0
179.616,271.141,35.0
178.431,269.529,35.0
177.246,267.918,35.0
176.062,266.307,35.0
174.877,264.695,35.0
173.692,263.084,35.0
172.508,261.473,35.0
171.323,259.861,35.0
485.391,696.625,35.0
485.126,694.643,35.0
484.862,692.66,35.0
484.597,690.678,35.0
484.333,688.695,35.0
484.068,686.713,35.0
483.804,684.731,35.0
483.539,682.748,35.0
483.232,680.774,35.0
482.784,678.824,35.0
482.335,676.875,35.0
481.887,674.926,35.0
481.397,672.991,35.0
480.619,671.148,35.0
479.841,669.306,35.0
479.062,667.463,35.0
478.284,665.621,35.0
477.506,663.779,35.0
476.728,661.936,35.0
475.911,660.112,35.0
475.004,658.329,35.0
474.098,656.546,35.0
473.191,654.764,35.0
472.221,653.015,35.0
471.21,651.29,35.0
470.199,649.565,35.0
469.187,647.839,35.0
468.116,646.156,35.0
466.822,644.631,35.0
465.529,643.105,35.0
464.236,641.58,35.0
462.942,640.054,35.0
461.536,638.638,35.0
460.052,637.297,35.0
458.569,635.956,35.0
456.967,634.773,35.0
455.26,633.73,35.0
453.553,632.688,35.0
451.83,631.678,35.0
449.971,630.942,35.0
448.111,630.206,35.0
446.221,629.568,35.0
444.266,629.148,35.0
442.311,628.728,35.0
440.355,628.307,35.0
438.4,627.887,35.0
436.409,628.015,35.0
434.416,628.181,35.0
432.429,628.397,35.0
430.455,628.714,35.0
428.48,629.031,35.0
426.535,629.456,35.0
424.673,630.187,35.0
422.811,630.918,35.0
420.95,631.649,35.0
419.211,632.638,35.0
417.473,633.626,35.0
415.734,634.615,35.0
414.116,635.763,35.0
412.685,637.161,35.0
411.254,638.558,35.0
409.849,639.975,35.0
408.825,641.693,35.0
407.801,643.411,35.0
406.777,645.13,35.0
405.753,646.848,35.0
404.729,648.566,35.0
403.765,650.316,35.0
402.87,652.105,35.0
401.975,653.893,35.0
401.14,655.709,35.0
400.383,657.56,35.0
399.626,659.411,35.0
398.869,661.263,35.0
398.112,663.114,35.0
572.197,693.38,40.0
571.196,691.648,40.0
570.195,689.917,40.0
569.194,688.186,40.0
568.173,686.466,40.0
567.136,684.756,40.0
566.099,683.046,40.0
565.062,681.336,40.0
564.025,679.626,40.0
562.988,677.916,40.0
561.947,676.207,40.0
560.907,674.499,40.0
559.867,672.791,40.0
558.826,671.083,40.0
557.786,669.375,40.0
556.708,667.691,40.0
555.616,666.015,40.0
554.524,664.339,40.0
553.433,662.663,40.0
552.341,660.987,40.0
551.25,659.311,40.0
550.158,657.636,40.0
549.01,656,40.0
547.792,654.413,40.0
546.575,652.826,40.0
545.357,651.24,40.0
544.14,649.653,40.0
542.922,648.066,40.0
541.705,646.479,40.0
540.487,644.893,40.0
539.27,643.306,40.0
538.053,641.719,40.0
536.838,640.13,40.0
535.622,638.542,40.0
534.407,636.954,40.0
533.192,635.365,40.0
531.976,633.777,40.0
530.761,632.189,40.0
529.545,630.601,40.0
528.33,629.012,40.0
526.967,627.549,40.0
525.6,626.089,40.0
524.234,624.628,40.0
522.867,623.168,40.0
521.501,621.707,40.0
520.134,620.247,40.0
518.768,618.786,40.0
517.402,617.326,40.0
516.032,615.869,40.0
514.655,614.419,40.0
513.277,612.968,40.0
511.9,611.518,40.0
510.523,610.068,40.0
509.145,608.618,40.0
507.768,607.168,40.0
506.391,605.718,40.0
505.013,604.267,40.0
503.612,602.841,40.0
502.205,601.419,40.0
500.798,599.998,40.0
499.391,598.576,40.0
497.984,597.155,40.0
496.577,595.733,40.0
495.145,594.34,40.0
493.624,593.04,40.0
492.104,591.74,40.0
490.584,590.44,40.0
489.064,589.14,40.0
487.544,587.84,40.0
486.024,586.541,40.0
484.487,585.263,40.0
482.864,584.094,40.0
481.241,582.926,40.0
479.618,581.757,40.0
477.995,580.588,40.0
476.372,579.419,40.0
474.749,578.25,40.0
473.126,577.082,40.0
471.531,575.875,40.0
469.938,574.666,40.0
468.346,573.456,40.0
466.753,572.246,40.0
465.16,571.037,40.0
463.567,569.827,40.0
461.922,568.695,40.0
460.21,567.661,40.0
458.499,566.626,40.0
456.787,565.591,40.0
455.076,564.556,40.0
453.364,563.521,40.0
451.653,562.487,40.0
449.917,561.494,40.0
448.152,560.554,40.0
446.387,559.613,40.0
444.622,558.672,40.0
442.857,557.732,40.0
441.092,556.791,40.0
439.327,555.85,40.0
437.529,554.979,40.0
435.689,554.194,40.0
433.85,553.41,40.0
432.01,552.626,40.0
430.17,551.842,40.0
428.33,551.058,40.0
426.49,550.274,40.0
424.652,549.485,40.0
422.819,548.686,40.0
420.986,547.886,40.0
419.152,547.087,40.0
417.319,546.288,40.0
415.484,545.493,40.0
413.6,544.821,40.0
411.717,544.148,40.0
409.833,543.476,40.0
407.949,542.804,40.0
406.066,542.132,40.0
404.182,541.459,40.0
402.415,540.527,40.0
400.661,539.566,40.0
398.908,538.604,40.0
397.154,537.642,40.0
395.421,536.652,40.0
393.937,535.311,40.0
392.453,533.97,40.0
390.969,532.629,40.0
389.543,531.23,40.0
388.17,529.776,40.0
386.796,528.322,40.0
385.879,526.577,40.0
385.142,524.718,40.0
384.406,522.858,40.0
383.765,520.965,40.0
383.155,519.06,40.0
382.71,517.127,40.0
382.648,515.128,40.0
382.586,513.129,40.0
382.867,511.178,40.0
383.473,509.271,40.0
384.078,507.365,40.0
384.82,505.518,40.0
385.785,503.766,40.0
386.75,502.014,40.0
387.954,500.438,40.0
389.334,498.99,40.0
390.733,497.564,40.0
392.361,496.402,40.0
393.989,495.24,40.0
395.653,494.135,40.0
397.383,493.131,40.0
399.113,492.127,40.0
400.842,491.123,40.0
402.695,490.378,40.0
404.567,489.672,40.0
406.438,488.967,40.0
408.309,488.261,40.0
410.18,487.555,40.0
412.052,486.849,40.0
413.952,486.226,40.0
415.857,485.618,40.0
417.763,485.01,40.0
419.668,484.402,40.0
421.573,483.795,40.0
423.469,483.158,40.0
425.363,482.515,40.0
427.258,481.873,40.0
429.132,481.18,40.0
430.979,480.412,40.0
432.826,479.645,40.0
434.673,478.877,40.0
436.369,477.823,40.0
438.047,476.735,40.0
439.725,475.647,40.0
441.285,474.402,40.0
442.786,473.082,40.0
444.288,471.761,40.0
445.743,470.388,40.0
447.185,469.003,40.0
448.628,467.618,40.0
449.903,466.083,40.0
451.118,464.495,40.0
452.261,462.859,40.0
453.212,461.1,40.0
454.156,459.337,40.0
454.896,457.479,40.0
455.637,455.621,40.0
456.377,453.763,40.0
456.924,451.856,40.0
457.17,449.871,40.0
457.417,447.886,40.0
457.664,445.901,40.0
457.911,443.917,40.0
457.86,441.925,40.0
457.703,439.931,40.0
457.545,437.938,40.0
457.387,435.944,40.0
456.981,433.992,40.0
456.485,432.054,40.0
455.989,430.116,40.0
455.465,428.191,40.0
454.406,426.494,40.0
453.347,424.797,40.0
452.288,423.101,40.0
451.229,421.404,40.0
450.17,419.707,40.0
449.112,418.011,40.0
447.859,416.457,40.0
446.546,414.948,40.0
445.233,413.44,40.0
443.921,411.931,40.0
442.608,410.422,40.0
441.295,408.913,40.0
439.982,407.405,40.0
438.63,405.936,40.0
437.082,404.67,40.0
435.533,403.405,40.0
433.984,402.139,40.0
432.436,400.874,40.0
430.887,399.608,40.0
429.338,398.343,40.0
427.789,397.077,40.0
426.241,395.812,40.0
424.637,394.62,40.0
422.97,393.515,40.0
421.303,392.41,40.0
419.637,391.305,40.0
417.97,390.2,40.0
416.303,389.095,40.0
414.636,387.989,40.0
412.969,386.884,40.0
411.302,385.779,40.0
409.635,384.674,40.0
407.968,383.569,40.0
406.298,382.468,40.0
404.628,381.367,40.0
402.959,380.267,40.0
401.289,379.166,40.0
399.619,378.065,40.0
397.949,376.964,40.0
396.28,375.863,40.0
394.61,374.762,40.0
392.94,373.661,40.0
391.231,372.626,40.0
389.471,371.676,40.0
387.711,370.727,40.0
385.951,369.777,40.0
384.19,368.828,40.0
382.43,367.878,40.0
380.67,366.929,40.0
378.91,365.979,40.0
377.149,365.03,40.0
375.389,364.08,40.0
373.629,363.131,40.0
371.85,362.217,40.0
370.064,361.316,40.0
368.279,360.414,40.0
366.494,359.513,40.0
364.709,358.611,40.0
362.923,357.71,40.0
361.138,356.808,40.0
359.353,355.906,40.0
357.558,355.026,40.0
355.678,354.344,40.0
353.799,353.661,40.0
351.919,352.978,40.0
350.039,352.296,40.0
348.159,351.613,40.0
346.279,350.93,40.0
344.406,350.228,40.0
342.533,349.527,40.0
340.66,348.826,40.0
338.787,348.124,40.0
336.914,347.423,40.0
335.041,346.722,40.0
333.168,346.021,40.0
331.295,345.319,40.0
329.448,344.553,40.0
327.601,343.786,40.0
325.753,343.02,40.0
323.906,342.253,40.0
322.059,341.487,40.0
320.212,340.72,40.0
318.364,339.953,40.0
316.517,339.187,40.0
314.67,338.42,40.0
312.823,337.653,40.0
310.976,336.886,40.0
309.128,336.119,40.0
307.281,335.353,40.0
305.434,334.586,40.0
303.587,333.819,40.0
301.74,333.052,40.0
299.893,332.285,40.0
298.046,331.518,40.0
296.199,330.751,40.0
294.446,329.791,40.0
292.703,328.81,40.0
290.96,327.829,40.0
289.217,326.847,40.0
287.474,325.866,40.0
285.747,324.859,40.0
284.036,323.823,40.0
282.326,322.787,40.0
280.615,321.751,40.0
278.904,320.715,40.0
277.215,319.645,40.0
275.568,318.511,40.0
273.92,317.377,40.0
272.273,316.243,40.0
270.625,315.109,40.0
268.978,313.975,40.0
267.33,312.842,40.0
265.677,311.716,40.0
264.022,310.592,40.0
262.368,309.468,40.0
260.714,308.344,40.0
259.22,307.018,40.0
257.754,305.658,40.0
256.288,304.297,40.0
254.834,302.927,40.0
253.652,301.313,40.0
252.47,299.7,40.0
251.288,298.087,40.0
250.106,296.473,40.0
249.01,294.804,40.0
248.031,293.061,40.0
247.051,291.317,40.0
246.072,289.573,40.0
245.093,287.829,40.0
244.215,286.035,40.0
243.43,284.196,40.0
242.646,282.356,40.0
241.862,280.516,40.0
241.154,278.647,40.0
240.493,276.759,40.0
239.832,274.872,40.0
239.436,272.916,40.0
239.107,270.943,40.0
238.778,268.97,40.0
238.449,266.998,40.0
238.274,265.007,40.0
238.149,263.011,40.0
238.024,261.015,40.0
238.076,259.022,40.0
238.269,257.031,40.0
238.462,255.041,40.0
238.655,253.05,40.0
238.944,251.074,40.0
239.371,249.12,40.0
239.797,247.166,40.0
240.223,245.212,40.0
240.657,243.261,40.0
241.317,241.372,40.0
241.976,239.484,40.0
242.636,237.596,40.0
243.469,235.778,40.0
244.301,233.959,40.0
245.134,232.141,40.0
245.967,230.323,40.0
246.918,228.565,40.0
247.922,226.836,40.0
248.926,225.106,40.0
249.93,223.376,40.0
251.128,221.778,40.0
252.362,220.204,40.0
253.595,218.63,40.0
254.835,217.06,40.0
256.089,215.502,40.0
257.343,213.944,40.0
258.597,212.386,40.0
259.891,210.863,40.0
261.258,209.403,40.0
262.625,207.943,40.0
264.055,206.547,40.0
265.539,205.207,40.0
267.024,203.867,40.0
268.518,202.537,40.0
270.015,201.211,40.0
271.513,199.885,40.0
273.01,198.559,40.0
274.464,197.186,40.0
275.909,195.804,40.0
277.355,194.422,40.0
278.801,193.04,40.0
280.159,191.575,40.0
281.461,190.057,40.0
282.763,188.538,40.0
284.064,187.02,40.0
285.366,185.502,40.0
286.543,183.893,40.0
287.582,182.184,40.0
288.622,180.476,40.0
289.662,178.767,40.0
290.702,177.059,40.0
291.741,175.35,40.0
292.616,173.555,40.0
293.427,171.727,40.0
294.237,169.898,40.0
295.047,168.07,40.0
295.858,166.241,40.0
296.512,164.356,40.0
297.074,162.437,40.0
297.637,160.517,40.0
298.199,158.598,40.0
298.761,156.678,40.0
299.323,154.759,40.0
299.5,152.769,40.0
299.654,150.775,40.0
299.809,148.781,40.0
299.964,146.787,40.0
300.118,144.793,40.0
299.889,142.809,40.0
299.628,140.826,40.0
299.366,138.844,40.0
299.105,136.861,40.0
298.844,134.878,40.0
298.382,132.936,40.0
297.852,131.007,40.0
297.322,129.079,40.0
296.792,127.15,40.0
296.263,125.221,40.0
295.733,123.293,40.0
295.203,121.364,40.0
294.506,119.495,40.0
293.703,117.663,40.0
292.9,115.831,40.0
292.097,114,40.0
291.294,112.168,40.0
290.491,110.336,40.0
289.688,108.505,40.0
288.795,106.72,40.0
287.756,105.011,40.0
286.717,103.302,40.0
285.678,101.593,40.0
284.639,99.884,40.0
283.6,98.175,40.0
282.561,96.466,40.0
281.364,94.867,40.0
280.121,93.301,40.0
278.877,91.734,40.0
277.634,90.168,40.0
276.391,88.601,40.0
275.147,87.034,40.0
273.904,85.468,40.0
272.661,83.901,40.0
271.417,82.335,40.0
774.12,28.959,45.0
772.381,29.947,45.0
770.642,30.935,45.0
768.903,31.924,45.0
767.164,32.912,45.0
765.426,33.9,45.0
763.687,34.888,45.0
761.948,35.876,45.0
760.21,36.866,45.0
758.472,37.856,45.0
756.734,38.845,45.0
754.996,39.835,45.0
753.258,40.825,45.0
751.52,41.814,45.0
749.782,42.804,45.0
748.044,43.794,45.0
746.306,44.784,45.0
744.562,45.762,45.0
742.807,46.721,45.0
741.052,47.68,45.0
739.297,48.639,45.0
737.542,49.598,45.0
735.787,50.557,45.0
734.032,51.516,45.0
732.277,52.475,45.0
730.522,53.434,45.0
728.766,54.393,45.0
727.011,55.352,45.0
725.256,56.311,45.0
723.501,57.27,45.0
721.747,58.23,45.0
719.992,59.189,45.0
718.237,60.149,45.0
716.482,61.108,45.0
714.727,62.068,45.0
712.972,63.027,45.0
711.218,63.987,45.0
709.49,64.993,45.0
707.794,66.053,45.0
706.098,67.113,45.0
704.402,68.173,45.0
702.706,69.233,45.0
701.01,70.292,45.0
699.314,71.352,45.0
697.618,72.412,45.0
695.922,73.472,45.0
694.226,74.532,45.0
692.53,75.592,45.0
690.858,76.69,45.0
689.19,77.794,45.0
687.522,78.898,45.0
685.855,80.001,45.0
684.187,81.105,45.0
682.519,82.209,45.0
680.851,83.313,45.0
679.183,84.416,45.0
677.551,85.573,45.0
675.922,86.732,45.0
674.292,87.891,45.0
672.662,89.051,45.0
671.033,90.21,45.0
669.403,91.37,45.0
667.773,92.529,45.0
666.144,93.688,45.0
664.514,94.848,45.0
662.884,96.007,45.0
661.255,97.166,45.0
659.652,98.362,45.0
658.067,99.582,45.0
656.482,100.802,45.0
654.898,102.022,45.0
653.313,103.243,45.0
651.728,104.463,45.0
650.143,105.683,45.0
648.559,106.903,45.0
646.974,108.123,45.0
645.389,109.343,45.0
643.868,110.64,45.0
642.366,111.961,45.0
640.864,113.281,45.0
639.362,114.602,45.0
637.86,115.923,45.0
636.358,117.243,45.0
634.856,118.564,45.0
633.388,119.922,45.0
631.957,121.319,45.0
630.527,122.716,45.0
629.096,124.114,45.0
627.665,125.511,45.0
626.24,126.914,45.0
624.873,128.374,45.0
623.506,129.834,45.0
622.138,131.293,45.0
620.797,132.776,45.0
619.54,134.331,45.0
618.283,135.887,45.0
617.026,137.443,45.0
615.769,138.998,45.0
614.512,140.554,45.0
613.255,142.109,45.0
611.998,143.665,45.0
610.741,145.22,45.0
609.484,146.776,45.0
608.227,148.332,45.0
606.97,149.887,45.0
605.723,151.451,45.0
604.524,153.052,45.0
603.326,154.653,45.0
602.127,156.254,45.0
600.928,157.854,45.0
599.729,159.455,45.0
598.53,161.056,45.0
597.39,162.695,45.0
596.403,164.435,45.0
595.415,166.174,45.0
594.428,167.914,45.0
593.441,169.653,45.0
592.454,171.392,45.0
591.467,173.132,45.0
590.48,174.871,45.0
589.493,176.611,45.0
588.506,178.35,45.0
587.519,180.09,45.0
586.532,181.829,45.0
585.545,183.569,45.0
584.558,185.308,45.0
583.571,187.048,45.0
582.584,188.787,45.0
581.597,190.526,45.0
580.61,192.266,45.0
579.622,194.005,45.0
578.635,195.745,45.0
577.648,197.484,45.0
576.661,199.224,45.0
575.674,200.963,45.0
574.687,202.703,45.0
573.7,204.442,45.0
572.713,206.182,45.0
571.695,207.903,45.0
570.634,209.598,45.0
569.573,211.293,45.0
568.512,212.988,45.0
567.451,214.684,45.0
566.389,216.379,45.0
565.328,218.074,45.0
564.267,219.77,45.0
563.206,221.465,45.0
562.145,223.16,45.0
561.084,224.856,45.0
560.023,226.551,45.0
558.962,228.246,45.0
557.901,229.941,45.0
556.839,231.637,45.0
555.778,233.332,45.0
554.717,235.027,45.0
553.656,236.723,45.0
552.595,238.418,45.0
551.534,240.113,45.0
550.446,241.791,45.0
549.322,243.445,45.0
548.197,245.099,45.0
547.072,246.752,45.0
545.947,248.406,45.0
544.822,250.06,45.0
543.698,251.714,45.0
542.573,253.367,45.0
541.448,255.021,45.0
540.323,256.675,45.0
539.198,258.328,45.0
538.073,259.982,45.0
536.931,261.623,45.0
535.701,263.2,45.0
534.471,264.777,45.0
533.24,266.354,45.0
532.01,267.93,45.0
530.779,269.507,45.0
529.549,271.084,45.0
528.319,272.661,45.0
527.088,274.237,45.0
525.858,275.814,45.0
524.627,277.391,45.0
523.397,278.968,45.0
522.167,280.544,45.0
520.936,282.121,45.0
519.706,283.698,45.0
518.461,285.263,45.0
517.192,286.809,45.0
515.924,288.356,45.0
514.656,289.902,45.0
513.387,291.448,45.0
512.109,292.986,45.0
510.826,294.521,45.0
509.543,296.055,45.0
508.167,297.505,45.0
506.759,298.925,45.0
505.352,300.346,45.0
503.944,301.767,45.0
502.536,303.187,45.0
501.135,304.614,45.0
499.736,306.044,45.0
498.338,307.474,45.0
496.94,308.904,45.0
495.542,310.334,45.0
494.143,311.764,45.0
492.67,313.114,45.0
491.155,314.42,45.0
489.641,315.726,45.0
488.126,317.033,45.0
486.612,318.339,45.0
485.097,319.645,45.0
483.583,320.951,45.0
482.021,322.2,45.0
480.447,323.433,45.0
478.872,324.666,45.0
477.297,325.899,45.0
475.722,327.132,45.0
474.148,328.365,45.0
472.556,329.575,45.0
470.916,330.72,45.0
469.276,331.864,45.0
467.636,333.009,45.0
465.996,334.154,45.0
464.356,335.298,45.0
462.693,336.408,45.0
460.95,337.388,45.0
459.207,338.369,45.0
457.464,339.349,45.0
455.721,340.33,45.0
453.978,341.311,45.0
452.235,342.291,45.0
450.491,343.272,45.0
448.748,344.252,45.0
447.005,345.233,45.0
445.262,346.214,45.0
443.497,347.146,45.0
441.607,347.8,45.0
439.717,348.455,45.0
437.828,349.109,45.0
435.938,349.764,45.0
434.048,350.418,45.0
432.158,351.073,45.0
430.268,351.727,45.0
428.334,352.229,45.0
426.389,352.699,45.0
424.445,353.169,45.0
422.501,353.639,45.0
420.557,354.108,45.0
418.613,354.578,45.0
416.649,354.934,45.0
414.662,355.158,45.0
412.674,355.381,45.0
410.687,355.605,45.0
408.699,355.828,45.0
406.712,356.052,45.0
404.718,356.175,45.0
402.718,356.191,45.0
400.718,356.208,45.0
398.719,356.225,45.0
396.719,356.241,45.0
394.728,356.071,45.0
392.741,355.846,45.0
390.754,355.62,45.0
388.767,355.394,45.0
386.78,355.169,45.0
384.831,354.755,45.0
382.914,354.185,45.0
380.997,353.615,45.0
379.08,353.044,45.0
377.163,352.474,45.0
375.312,351.722,45.0
373.475,350.93,45.0
371.638,350.138,45.0
369.802,349.347,45.0
367.965,348.555,45.0
366.129,347.763,45.0
364.292,346.971,45.0
362.456,346.179,45.0
360.619,345.388,45.0
358.782,344.596,45.0
356.961,343.773,45.0
355.199,342.826,45.0
353.437,341.88,45.0
351.675,340.933,45.0
349.913,339.987,45.0
348.152,339.04,45.0
346.391,338.091,45.0
344.67,337.072,45.0
342.949,336.053,45.0
341.228,335.034,45.0
339.507,334.015,45.0
337.801,332.975,45.0
336.229,331.739,45.0
334.656,330.503,45.0
333.083,329.268,45.0
331.511,328.032,45.0
329.938,326.797,45.0
328.365,325.561,45.0
326.888,324.219,45.0
325.49,322.788,45.0
324.092,321.358,45.0
322.694,319.928,45.0
321.296,318.498,45.0
319.902,317.064,45.0
318.619,315.53,45.0
317.337,313.995,45.0
316.054,312.461,45.0
314.771,310.926,45.0
313.579,309.321,45.0
312.388,307.714,45.0
311.197,306.107,45.0
310.017,304.494,45.0
309.224,302.658,45.0
308.431,300.822,45.0
307.639,298.986,45.0
306.846,297.149,45.0
306.348,295.225,45.0
305.999,293.255,45.0
305.651,291.286,45.0
305.302,289.317,45.0
305.096,287.336,45.0
305.124,285.336,45.0
305.153,283.336,45.0
305.361,281.353,45.0
305.696,279.381,45.0
306.116,277.432,45.0
306.812,275.557,45.0
307.508,273.682,45.0
308.375,271.885,45.0
309.338,270.132,45.0
310.351,268.41,45.0
311.458,266.744,45.0
312.565,265.078,45.0
313.83,263.53,45.0
315.105,261.99,45.0
316.381,260.449,45.0
317.792,259.033,45.0
319.207,257.619,45.0
320.622,256.205,45.0
322.098,254.857,45.0
323.595,253.531,45.0
325.092,252.204,45.0
326.638,250.935,45.0
328.185,249.668,45.0
329.733,248.401,45.0
331.289,247.145,45.0
332.865,245.913,45.0
334.44,244.682,45.0
336.016,243.45,45.0
337.592,242.218,45.0
339.167,240.986,45.0
340.73,239.738,45.0
342.254,238.443,45.0
343.778,237.149,45.0
345.273,235.823,45.0
346.621,234.346,45.0
347.969,232.868,45.0
349.317,231.391,45.0
350.664,229.912,45.0
352.01,228.433,45.0
353.356,226.953,45.0
354.702,225.474,45.0
356.047,223.995,45.0
357.239,222.39,45.0
358.408,220.767,45.0
359.578,219.145,45.0
360.721,217.505,45.0
361.755,215.793,45.0
362.789,214.081,45.0
363.824,212.37,45.0
364.858,210.658,45.0
365.847,208.922,45.0
366.705,207.115,45.0
367.563,205.308,45.0
368.421,203.502,45.0
369.279,201.695,45.0
370.133,199.887,45.0
370.907,198.043,45.0
371.681,196.198,45.0
372.455,194.354,45.0
373.228,192.51,45.0
374.002,190.666,45.0
374.617,188.766,45.0
375.157,186.841,45.0
375.698,184.915,45.0
376.238,182.989,45.0
376.779,181.064,45.0
377.319,179.138,45.0
377.86,177.213,45.0
378.284,175.258,45.0
378.693,173.301,45.0
379.102,171.343,45.0
379.512,169.386,45.0
379.921,167.428,45.0
380.174,165.452,45.0
380.217,163.453,45.0
380.261,161.453,45.0
380.304,159.454,45.0
380.348,157.454,45.0
380.392,155.455,45.0
380.435,153.455,45.0
380.452,151.456,45.0
380.295,149.463,45.0
380.138,147.469,45.0
379.981,145.475,45.0
379.824,143.481,45.0
379.667,141.487,45.0
379.51,139.493,45.0
379.348,137.5,45.0
378.839,135.566,45.0
378.33,133.632,45.0
377.82,131.698,45.0
377.311,129.764,45.0
376.802,127.83,45.0
376.292,125.896,45.0
375.62,124.015,45.0
374.891,122.153,45.0
374.162,120.29,45.0
373.434,118.428,45.0
372.705,116.565,45.0
371.977,114.702,45.0
371.248,112.84,45.0
370.519,110.977,45.0
369.791,109.115,45.0
368.995,107.283,45.0
368.058,105.516,45.0
367.122,103.749,45.0
366.185,101.982,45.0
365.248,100.214,45.0
364.312,98.447,45.0
363.375,96.68,45.0
362.438,94.913,45.0
361.502,93.146,45.0
360.55,91.388,45.0
359.473,89.703,45.0
358.395,88.018,45.0
357.34,86.32,45.0
356.35,84.581,45.0
355.361,82.843,45.0
354.372,81.105,45.0
353.382,79.367,45.0
352.333,77.665,45.0
351.257,75.979,45.0
350.181,74.293,45.0
349.106,72.607,45.0
672.954,694.189,45.0
671.633,692.688,45.0
670.311,691.187,45.0
668.99,689.685,45.0
667.668,688.184,45.0
666.347,686.683,45.0
665.025,685.182,45.0
663.704,683.681,45.0
662.382,682.179,45.0
661.061,680.678,45.0
659.739,679.177,45.0
658.418,677.676,45.0
657.096,676.175,45.0
655.775,674.673,45.0
654.453,673.172,45.0
653.132,671.671,45.0
651.81,670.17,45.0
650.489,668.669,45.0
649.167,667.167,45.0
647.846,665.666,45.0
646.524,664.165,45.0
645.203,662.664,45.0
643.881,661.163,45.0
642.56,659.661,45.0
641.238,658.16,45.0
639.916,656.659,45.0
638.595,655.158,45.0
637.273,653.657,45.0
635.952,652.156,45.0
634.63,650.654,45.0
633.309,649.153,45.0
631.98,647.658,45.0
630.635,646.179,45.0
629.289,644.699,45.0
627.943,643.22,45.0
626.597,641.74,45.0
625.251,640.261,45.0
623.905,638.782,45.0
622.559,637.302,45.0
621.213,635.823,45.0
619.868,634.343,45.0
618.522,632.864,45.0
617.176,631.385,45.0
615.83,629.905,45.0
614.484,628.426,45.0
613.138,626.946,45.0
611.792,625.467,45.0
610.446,623.988,45.0
609.101,622.508,45.0
607.748,621.035,45.0
606.393,619.564,45.0
605.038,618.093,45.0
603.683,616.622,45.0
602.328,615.151,45.0
600.973,613.68,45.0
599.618,612.209,45.0
598.263,610.738,45.0
596.908,609.267,45.0
595.553,607.796,45.0
594.198,606.325,45.0
592.826,604.87,45.0
591.395,603.473,45.0
589.964,602.076,45.0
588.533,600.678,45.0
587.102,599.281,45.0
585.671,597.884,45.0
584.24,596.486,45.0
582.81,595.089,45.0
581.379,593.692,45.0
579.948,592.294,45.0
578.517,590.897,45.0
577.086,589.5,45.0
575.613,588.149,45.0
574.062,586.886,45.0
572.511,585.624,45.0
570.96,584.361,45.0
569.409,583.099,45.0
567.858,581.836,45.0
566.307,580.574,45.0
564.756,579.311,45.0
563.204,578.049,45.0
561.653,576.786,45.0
560.058,575.581,45.0
558.449,574.393,45.0
556.839,573.205,45.0
555.23,572.018,45.0
553.621,570.83,45.0
552.012,569.643,45.0
550.403,568.455,45.0
548.741,567.345,45.0
547.041,566.291,45.0
545.341,565.237,45.0
543.642,564.183,45.0
541.942,563.128,45.0
540.198,562.157,45.0
538.393,561.294,45.0
536.589,560.432,45.0
534.784,559.569,45.0
532.98,558.707,45.0
531.104,558.032,45.0
529.183,557.473,45.0
527.263,556.914,45.0
525.343,556.355,45.0
523.422,555.796,45.0
521.502,555.237,45.0
519.582,554.678,45.0
517.645,554.191,45.0
515.671,553.874,45.0
513.696,553.556,45.0
511.721,553.239,45.0
509.746,552.926,45.0
507.746,552.953,45.0
505.747,552.98,45.0
503.756,553.091,45.0
501.799,553.503,45.0
499.849,553.93,45.0
498.287,555.178,45.0
496.724,556.427,45.0
495.684,558.11,45.0
495.209,560.016,45.0
495.007,562.006,45.0
494.903,564,45.0
494.952,565.999,45.0
495,567.999,45.0
495.163,569.982,45.0
495.648,571.923,45.0
496.134,573.863,45.0
496.729,575.764,45.0
497.572,577.578,45.0
498.414,579.392,45.0
499.68,580.938,45.0
500.956,582.478,45.0
502.27,583.985,45.0
503.641,585.442,45.0
505.011,586.898,45.0
506.382,588.355,45.0
507.752,589.811,45.0
509.123,591.268,45.0
510.493,592.724,45.0
511.864,594.181,45.0
513.235,595.637,45.0
514.605,597.094,45.0
515.958,598.567,45.0
517.277,600.07,45.0
518.597,601.572,45.0
519.917,603.075,45.0
521.237,604.578,45.0
522.557,606.08,45.0
523.877,607.583,45.0
525.196,609.086,45.0
526.516,610.588,45.0
527.836,612.091,45.0
529.156,613.594,45.0
530.476,615.096,45.0
531.796,616.599,45.0
533.116,618.102,45.0
534.435,619.604,45.0
535.755,621.107,45.0
537.075,622.61,45.0
538.395,624.112,45.0
539.715,625.615,45.0
541.031,627.12,45.0
542.329,628.643,45.0
543.626,630.165,45.0
544.923,631.687,45.0
546.22,633.21,45.0
547.517,634.732,45.0
548.814,636.254,45.0
550.112,637.776,45.0
551.409,639.299,45.0
552.706,640.821,45.0
554.007,642.34,45.0
555.339,643.832,45.0
556.67,645.324,45.0
558.002,646.816,45.0
559.334,648.308,45.0
560.666,649.8,45.0
561.998,651.293,45.0
563.329,652.785,45.0
564.639,654.294,45.0
565.819,655.91,45.0
566.998,657.525,45.0
568.177,659.141,45.0
569.356,660.756,45.0
570.543,662.365,45.0
571.769,663.946,45.0
572.995,665.526,45.0
574.22,667.106,45.0
575.446,668.687,45.0
576.672,670.267,45.0
577.898,671.848,45.0
579.123,673.428,45.0
580.349,675.008,45.0
581.575,676.589,45.0
582.737,678.216,45.0
583.895,679.847,45.0
585.053,681.478,45.0
586.211,683.108,45.0
587.369,684.739,45.0
588.527,686.369,45.0
479.612,292.122,50.0
481.001,290.683,50.0
482.391,289.244,50.0
483.78,287.806,50.0
485.169,286.367,50.0
486.56,284.929,50.0
487.95,283.492,50.0
489.341,282.054,50.0
490.731,280.617,50.0
492.122,279.179,50.0
493.512,277.742,50.0
494.901,276.302,50.0
496.276,274.85,50.0
497.651,273.398,50.0
499.026,271.945,50.0
500.401,270.493,50.0
501.776,269.04,50.0
503.007,267.468,50.0
504.201,265.863,50.0
505.396,264.259,50.0
506.59,262.654,50.0
507.784,261.05,50.0
508.921,259.405,50.0
510.05,257.754,50.0
511.178,256.103,50.0
512.307,254.452,50.0
513.435,252.8,50.0
514.541,251.134,50.0
515.634,249.459,50.0
516.727,247.784,50.0
517.82,246.109,50.0
518.859,244.403,50.0
519.786,242.63,50.0
520.712,240.858,50.0
521.638,239.085,50.0
522.565,237.313,50.0
523.491,235.54,50.0
524.292,233.708,50.0
525.092,231.875,50.0
525.892,230.042,50.0
526.692,228.209,50.0
527.454,226.36,50.0
528.156,224.487,50.0
528.859,222.615,50.0
529.562,220.742,50.0
530.094,218.829,50.0
530.321,216.842,50.0
530.548,214.855,50.0
530.776,212.868,50.0
530.676,210.884,50.0
530.41,208.902,50.0
530.143,206.92,50.0
529.833,204.948,50.0
529.183,203.056,50.0
528.534,201.165,50.0
527.884,199.273,50.0
527.06,197.467,50.0
525.97,195.79,50.0
524.881,194.112,50.0
523.791,192.435,50.0
522.345,191.07,50.0
520.826,189.769,50.0
519.307,188.468,50.0
517.788,187.167,50.0
515.904,186.514,50.0
514.004,185.891,50.0
512.104,185.267,50.0
510.199,184.661,50.0
508.242,184.248,50.0
506.285,183.834,50.0
504.315,183.535,50.0
502.316,183.508,50.0
500.316,183.481,50.0
498.316,183.453,50.0
496.321,183.531,50.0
494.331,183.73,50.0
492.341,183.929,50.0
490.367,184.218,50.0
488.431,184.723,50.0
486.496,185.227,50.0
484.561,185.732,50.0
482.652,186.324,50.0
480.765,186.986,50.0
478.878,187.649,50.0
476.991,188.311,50.0
475.104,188.974,50.0
473.217,189.636,50.0
471.33,190.299,50.0
469.443,190.961,50.0
467.584,191.692,50.0
465.787,192.571,50.0
463.991,193.449,50.0
462.194,194.328,50.0
460.397,195.207,50.0
458.601,196.085,50.0
456.804,196.964,50.0
455.007,197.842,50.0
453.215,198.729,50.0
451.479,199.722,50.0
449.743,200.715,50.0
448.007,201.708,50.0
446.271,202.701,50.0
444.535,203.694,50.0
442.799,204.687,50.0
441.063,205.68,50.0
439.327,206.673,50.0
437.597,207.678,50.0
435.884,208.71,50.0
434.171,209.741,50.0
432.457,210.773,50.0
430.744,211.805,50.0
429.03,212.836,50.0
427.317,213.868,50.0
425.604,214.9,50.0
423.89,215.931,50.0
422.177,216.963,50.0
420.497,218.048,50.0
418.83,219.153,50.0
417.162,220.257,50.0
415.495,221.361,50.0
413.827,222.465,50.0
412.16,223.569,50.0
410.492,224.674,50.0
408.83,225.785,50.0
407.21,226.958,50.0
405.59,228.131,50.0
403.97,229.304,50.0
402.35,230.477,50.0
400.73,231.649,50.0
399.11,232.822,50.0
397.534,234.053,50.0
395.973,235.303,50.0
394.411,236.553,50.0
392.85,237.804,50.0
391.289,239.054,50.0
389.728,240.304,50.0
388.167,241.554,50.0
386.605,242.804,50.0
385.044,244.054,50.0
383.538,245.368,50.0
382.059,246.715,50.0
380.58,248.061,50.0
379.101,249.408,50.0
377.623,250.754,50.0
376.144,252.101,50.0
374.69,253.473,50.0
373.303,254.914,50.0
371.916,256.355,50.0
370.529,257.795,50.0
369.142,259.236,50.0
367.755,260.677,50.0
366.367,262.118,50.0
364.98,263.559,50.0
363.644,265.044,50.0
362.384,266.597,50.0
361.124,268.15,50.0
359.863,269.703,50.0
358.603,271.257,50.0
357.386,272.842,50.0
356.235,274.478,50.0
355.083,276.113,50.0
353.932,277.748,50.0
353.033,279.533,50.0
352.153,281.329,50.0
351.273,283.125,50.0
350.761,285.042,50.0
350.399,287.009,50.0
350.038,288.976,50.0
349.673,290.943,50.0
349.309,292.909,50.0
349.062,294.881,50.0
349.247,296.873,50.0
349.433,298.864,50.0
349.814,300.827,50.0
350.207,302.788,50.0
351.014,304.605,50.0
351.92,306.388,50.0
352.826,308.171,50.0
353.732,309.954,50.0
354.996,311.503,50.0
356.266,313.048,50.0
357.537,314.592,50.0
358.808,316.136,50.0
360.082,317.677,50.0
361.572,319.011,50.0
363.062,320.345,50.0
364.553,321.679,50.0
366.202,322.791,50.0
367.944,323.774,50.0
369.686,324.756,50.0
371.428,325.739,50.0
373.17,326.721,50.0
375.062,327.361,50.0
376.966,327.972,50.0
378.871,328.583,50.0
380.775,329.193,50.0
382.713,329.662,50.0
384.691,329.96,50.0
386.668,330.257,50.0
388.646,330.555,50.0
390.636,330.707,50.0
392.636,330.752,50.0
394.635,330.798,50.0
396.635,330.843,50.0
398.634,330.888,50.0
400.629,330.753,50.0
402.624,330.61,50.0
404.619,330.467,50.0
406.614,330.323,50.0
408.609,330.18,50.0
410.564,329.769,50.0
412.516,329.331,50.0
414.467,328.892,50.0
416.417,328.446,50.0
418.366,327.999,50.0
420.315,327.552,50.0
422.265,327.105,50.0
424.202,326.616,50.0
426.069,325.902,50.0
427.937,325.187,50.0
429.805,324.472,50.0
431.653,323.71,50.0
433.471,322.875,50.0
435.288,322.04,50.0
437.105,321.204,50.0
438.915,320.353,50.0
440.704,319.459,50.0
442.493,318.565,50.0
444.277,317.663,50.0
446.016,316.674,50.0
447.754,315.685,50.0
449.493,314.696,50.0
451.231,313.707,50.0
452.969,312.718,50.0
454.653,311.644,50.0
456.281,310.482,50.0
457.909,309.32,50.0
459.537,308.158,50.0
461.165,306.996,50.0
462.793,305.834,50.0
464.395,304.638,50.0
465.985,303.425,50.0
467.575,302.212,50.0
469.166,300.999,50.0
470.756,299.786,50.0
472.334,298.558,50.0
473.854,297.259,50.0
475.375,295.959,50.0
476.895,294.66,50.0
805.311,149.821,45.0
803.659,150.948,45.0
802.007,152.076,45.0
800.355,153.203,45.0
798.703,154.33,45.0
797.051,155.458,45.0
795.399,156.585,45.0
793.747,157.712,45.0
792.095,158.84,45.0
790.449,159.975,45.0
788.816,161.13,45.0
787.184,162.286,45.0
785.552,163.442,45.0
783.919,164.598,45.0
782.287,165.753,45.0
780.655,166.909,45.0
779.023,168.065,45.0
777.39,169.221,45.0
775.758,170.376,45.0
774.161,171.579,45.0
772.578,172.802,45.0
770.995,174.024,45.0
769.411,175.246,45.0
767.828,176.468,45.0
766.245,177.69,45.0
764.662,178.912,45.0
763.082,180.138,45.0
761.501,181.364,45.0
759.921,182.59,45.0
758.341,183.816,45.0
756.761,185.043,45.0
755.181,186.269,45.0
753.601,187.495,45.0
752.021,188.721,45.0
750.441,189.947,45.0
748.861,191.173,45.0
747.287,192.407,45.0
745.732,193.664,45.0
744.177,194.922,45.0
742.621,196.179,45.0
741.066,197.437,45.0
739.511,198.695,45.0
737.956,199.952,45.0
736.401,201.21,45.0
734.846,202.468,45.0
733.291,203.725,45.0
731.737,204.984,45.0
730.274,206.348,45.0
728.812,207.712,45.0
727.349,209.077,45.0
725.887,210.441,45.0
724.424,211.805,45.0
722.962,213.169,45.0
721.499,214.534,45.0
720.037,215.898,45.0
718.574,217.262,45.0
717.112,218.626,45.0
715.649,219.991,45.0
714.187,221.355,45.0
712.724,222.719,45.0
711.296,224.117,45.0
709.929,225.578,45.0
708.563,227.038,45.0
707.197,228.499,45.0
705.831,229.96,45.0
704.464,231.42,45.0
703.098,232.881,45.0
701.732,234.341,45.0
700.366,235.802,45.0
698.999,237.263,45.0
697.633,238.723,45.0
696.267,240.184,45.0
694.901,241.644,45.0
693.534,243.105,45.0
692.283,244.665,45.0
691.045,246.235,45.0
689.807,247.806,45.0
688.568,249.376,45.0
687.33,250.947,45.0
686.148,252.557,45.0
685.107,254.264,45.0
684.066,255.972,45.0
683.025,257.68,45.0
681.985,259.388,45.0
680.944,261.095,45.0
679.939,262.825,45.0
678.965,264.571,45.0
677.992,266.318,45.0
677.018,268.065,45.0
676.044,269.812,45.0
675.07,271.559,45.0
674.096,273.306,45.0
673.122,275.053,45.0
672.24,276.845,45.0
671.423,278.671,45.0
670.607,280.497,45.0
669.791,282.323,45.0
668.975,284.149,45.0
668.158,285.974,45.0
667.342,287.8,45.0
666.526,289.626,45.0
665.71,291.452,45.0
664.948,293.299,45.0
664.325,295.2,45.0
663.702,297.1,45.0
663.079,299,45.0
662.455,300.901,45.0
661.832,302.801,45.0
661.234,304.71,45.0
660.646,306.621,45.0
660.059,308.533,45.0
659.471,310.445,45.0
658.884,312.357,45.0
658.296,314.268,45.0
657.709,316.18,45.0
657.121,318.092,45.0
656.534,320.004,45.0
655.964,321.92,45.0
655.501,323.866,45.0
655.038,325.812,45.0
654.575,327.757,45.0
654.112,329.703,45.0
653.649,331.649,45.0
653.186,333.594,45.0
652.723,335.54,45.0
652.26,337.486,45.0
651.797,339.431,45.0
651.418,341.394,45.0
651.074,343.364,45.0
650.73,345.335,45.0
650.386,347.305,45.0
650.042,349.275,45.0
649.698,351.245,45.0
649.354,353.215,45.0
649.01,355.186,45.0
648.674,357.157,45.0
648.383,359.136,45.0
648.093,361.115,45.0
647.802,363.093,45.0
647.512,365.072,45.0
647.221,367.051,45.0
646.931,369.03,45.0
646.64,371.009,45.0
646.365,372.989,45.0
646.17,374.98,45.0
645.974,376.97,45.0
645.779,378.961,45.0
645.584,380.951,45.0
645.389,382.941,45.0
645.194,384.932,45.0
644.999,386.922,45.0
644.803,388.913,45.0
644.61,390.903,45.0
644.565,392.903,45.0
644.52,394.902,45.0
644.475,396.902,45.0
644.43,398.901,45.0
644.384,400.901,45.0
644.339,402.9,45.0
644.294,404.9,45.0
644.267,406.899,45.0
644.311,408.899,45.0
644.356,410.898,45.0
644.4,412.898,45.0
644.445,414.897,45.0
644.489,416.897,45.0
644.534,418.896,45.0
644.578,420.896,45.0
644.623,422.895,45.0
644.742,424.891,45.0
644.906,426.884,45.0
645.069,428.878,45.0
645.232,430.871,45.0
645.395,432.864,45.0
645.559,434.858,45.0
645.722,436.851,45.0
645.885,438.844,45.0
646.048,440.838,45.0
646.211,442.831,45.0
646.417,444.82,45.0
646.667,446.804,45.0
646.916,448.789,45.0
647.166,450.773,45.0
647.416,452.757,45.0
647.665,454.742,45.0
647.915,456.726,45.0
648.165,458.71,45.0
648.414,460.695,45.0
648.688,462.676,45.0
648.968,464.656,45.0
649.248,466.636,45.0
649.528,468.617,45.0
649.884,470.582,45.0
650.371,472.522,45.0
650.858,474.462,45.0
651.345,476.402,45.0
651.832,478.341,45.0
652.319,480.281,45.0
652.917,482.188,45.0
653.575,484.077,45.0
654.232,485.965,45.0
654.89,487.854,45.0
655.547,489.743,45.0
656.246,491.617,45.0
656.953,493.488,45.0
657.661,495.358,45.0
658.369,497.229,45.0
659.077,499.099,45.0
659.821,500.955,45.0
660.613,502.792,45.0
661.406,504.628,45.0
662.199,506.464,45.0
663.068,508.263,45.0
664.016,510.024,45.0
664.964,511.785,45.0
665.912,513.546,45.0
666.859,515.308,45.0
667.807,517.069,45.0
668.802,518.8,45.0
669.968,520.425,45.0
671.135,522.05,45.0
672.301,523.675,45.0
673.467,525.3,45.0
674.633,526.924,45.0
675.799,528.549,45.0
676.999,530.15,45.0
678.202,531.747,45.0
679.405,533.345,45.0
680.608,534.943,45.0
681.811,536.54,45.0
683.089,538.076,45.0
684.447,539.544,45.0
685.805,541.012,45.0
687.163,542.48,45.0
688.521,543.949,45.0
689.92,545.378,45.0
691.331,546.795,45.0
692.742,548.212,45.0
694.154,549.629,45.0
695.565,551.046,45.0
696.976,552.464,45.0
698.387,553.881,45.0
699.799,555.298,45.0
701.21,556.715,45.0
702.621,558.132,45.0
704.114,559.461,45.0
705.639,560.756,45.0
707.163,562.05,45.0
708.688,563.344,45.0
710.213,564.638,45.0
711.767,565.896,45.0
713.348,567.122,45.0
714.928,568.347,45.0
716.509,569.572,45.0
718.09,570.798,45.0
719.681,572.008,45.0
721.372,573.076,45.0
723.063,574.144,45.0
724.754,575.212,45.0
726.445,576.28,45.0
728.135,577.349,45.0
729.833,578.406,45.0
731.546,579.437,45.0
733.26,580.469,45.0
734.973,581.501,45.0
736.686,582.533,45.0
738.399,583.565,45.0
740.113,584.597,45.0
741.855,585.577,45.0
743.628,586.502,45.0
745.401,587.428,45.0
747.174,588.353,45.0
748.947,589.278,45.0
750.72,590.204,45.0
752.493,591.129,45.0
754.284,592.018,45.0
756.116,592.821,45.0
757.947,593.624,45.0
759.779,594.427,45.0
761.611,595.23,45.0
763.442,596.033,45.0
765.274,596.836,45.0
767.106,597.639,45.0
768.938,598.442,45.0
770.77,599.244,45.0
772.611,600.026,45.0
774.452,600.807,45.0
776.293,601.589,45.0
778.134,602.37,45.0
779.975,603.152,45.0
781.816,603.933,45.0
783.676,604.664,45.0
785.569,605.31,45.0
787.462,605.955,45.0
789.355,606.6,45.0
791.248,607.245,45.0
793.141,607.891,45.0
795.034,608.536,45.0
796.934,609.161,45.0
798.849,609.737,45.0
800.764,610.313,45.0
802.679,610.889,45.0
804.595,611.465,45.0
806.51,612.041,45.0
808.425,612.617,45.0
810.34,613.193,45.0
812.256,613.77,45.0
814.171,614.346,45.0
816.086,614.922,45.0
818.001,615.498,45.0
819.917,616.074,45.0
821.841,616.617,45.0
823.769,617.151,45.0
825.696,617.685,45.0
827.623,618.219,45.0
829.551,618.753,45.0
831.478,619.287,45.0
833.406,619.822,45.0
835.333,620.356,45.0
837.26,620.891,45.0
839.187,621.427,45.0
841.114,621.963,45.0
843.04,622.499,45.0
844.967,623.035,45.0
846.894,623.571,45.0
848.821,624.107,45.0
850.751,624.627,45.0
852.729,624.921,45.0
854.708,625.215,45.0
856.686,625.509,45.0
858.664,625.803,45.0
860.643,626.096,45.0
862.622,626.376,45.0
864.62,626.48,45.0
866.617,626.584,45.0
868.614,626.689,45.0
870.611,626.793,45.0
872.61,626.841,45.0
874.61,626.825,45.0
876.61,626.809,45.0
878.61,626.792,45.0
880.61,626.776,45.0
882.584,626.533,45.0
884.535,626.096,45.0
886.487,625.658,45.0
888.438,625.22,45.0
890.376,624.729,45.0
892.302,624.188,45.0
894.227,623.648,45.0
896.153,623.107,45.0
898.078,622.566,45.0
899.94,621.858,45.0
901.732,620.971,45.0
798.785,684.342,40.0
797.506,682.805,40.0
796.227,681.267,40.0
794.947,679.73,40.0
793.668,678.193,40.0
792.388,676.656,40.0
791.109,675.118,40.0
789.829,673.581,40.0
788.55,672.044,40.0
787.251,670.524,40.0
785.892,669.057,40.0
784.532,667.59,40.0
783.172,666.124,40.0
781.812,664.657,40.0
780.453,663.19,40.0
779.093,661.724,40.0
777.639,660.356,40.0
776.114,659.061,40.0
774.589,657.767,40.0
773.065,656.473,40.0
771.54,655.178,40.0
770.015,653.884,40.0
768.491,652.589,40.0
766.966,651.295,40.0
765.442,650,40.0
763.917,648.706,40.0
762.392,647.411,40.0
760.868,646.117,40.0
759.343,644.823,40.0
757.794,643.559,40.0
756.22,642.324,40.0
754.647,641.09,40.0
753.073,639.855,40.0
751.5,638.62,40.0
749.926,637.386,40.0
748.353,636.151,40.0
746.779,634.917,40.0
745.206,633.682,40.0
743.615,632.472,40.0
741.969,631.335,40.0
740.324,630.198,40.0
738.678,629.061,40.0
736.859,628.248,40.0
735.002,627.506,40.0
733.144,626.766,40.0
731.207,626.268,40.0
729.27,625.77,40.0
727.333,625.272,40.0
725.384,624.942,40.0
723.396,625.165,40.0
721.409,625.388,40.0
719.421,625.611,40.0
717.542,626.259,40.0
715.691,627.015,40.0
713.864,627.818,40.0
712.213,628.946,40.0
710.561,630.074,40.0
708.91,631.202,40.0
707.356,632.448,40.0
705.942,633.862,40.0
704.527,635.276,40.0
703.407,636.901,40.0
702.52,638.694,40.0
701.634,640.487,40.0
700.747,642.279,40.0
700.428,644.248,40.0
700.142,646.228,40.0
699.855,648.207,40.0
699.847,650.202,40.0
699.918,652.2,40.0
699.989,654.199,40.0
700.23,656.183,40.0
700.51,658.163,40.0
700.802,660.141,40.0
701.246,662.091,40.0
701.69,664.042,40.0
702.133,665.992,40.0
702.669,667.916,40.0
703.31,669.811,40.0
703.951,671.705,40.0
704.592,673.6,40.0
705.233,675.494,40.0
706.04,677.323,40.0
706.864,679.145,40.0
707.688,680.968,40.0
708.513,682.79,40.0
709.613,684.458,40.0
710.734,686.114,40.0
711.856,687.77,40.0
712.977,689.426,40.0
714.173,691.028,40.0
715.382,692.622,40.0
716.591,694.215,40.0
917.067,339.731,50.0
915.141,340.272,50.0
913.216,340.814,50.0
911.291,341.355,50.0
909.365,341.897,50.0
907.44,342.438,50.0
905.515,342.979,50.0
903.589,343.521,50.0
901.664,344.062,50.0
899.739,344.603,50.0
897.813,345.145,50.0
895.888,345.686,50.0
893.963,346.228,50.0
892.037,346.769,50.0
890.112,347.31,50.0
888.196,347.884,50.0
886.292,348.495,50.0
884.388,349.107,50.0
882.483,349.718,50.0
880.579,350.329,50.0
878.675,350.94,50.0
876.77,351.551,50.0
874.866,352.162,50.0
872.962,352.774,50.0
871.057,353.385,50.0
869.158,354.011,50.0
867.261,354.644,50.0
865.364,355.277,50.0
863.467,355.91,50.0
861.569,356.544,50.0
859.685,357.212,50.0
857.807,357.901,50.0
855.93,358.59,50.0
854.052,359.28,50.0
852.175,359.969,50.0
850.297,360.659,50.0
848.477,361.479,50.0
846.693,362.383,50.0
844.909,363.287,50.0
843.125,364.191,50.0
841.341,365.095,50.0
839.557,365.998,50.0
837.772,366.902,50.0
835.988,367.806,50.0
834.204,368.71,50.0
832.42,369.614,50.0
830.792,370.774,50.0
829.169,371.943,50.0
827.547,373.113,50.0
825.924,374.282,50.0
824.302,375.452,50.0
822.68,376.621,50.0
821.057,377.79,50.0
819.443,378.972,50.0
817.85,380.18,50.0
816.256,381.389,50.0
814.662,382.597,50.0
813.069,383.806,50.0
811.475,385.014,50.0
809.882,386.223,50.0
808.315,387.463,50.0
806.826,388.799,50.0
805.338,390.135,50.0
803.849,391.471,50.0
802.361,392.807,50.0
800.872,394.142,50.0
799.384,395.478,50.0
797.898,396.817,50.0
796.449,398.195,50.0
794.999,399.573,50.0
793.549,400.95,50.0
792.099,402.328,50.0
790.649,403.706,50.0
789.199,405.083,50.0
787.75,406.461,50.0
786.3,407.839,50.0
784.85,409.216,50.0
783.424,410.619,50.0
782.01,412.033,50.0
780.595,413.447,50.0
779.18,414.86,50.0
777.766,416.274,50.0
776.351,417.688,50.0
774.999,419.16,50.0
773.683,420.666,50.0
772.366,422.172,50.0
771.05,423.678,50.0
769.734,425.183,50.0
768.417,426.689,50.0
767.101,428.195,50.0
765.785,429.7,50.0
764.63,431.329,50.0
763.534,433.002,50.0
762.438,434.674,50.0
761.342,436.347,50.0
760.246,438.02,50.0
759.165,439.702,50.0
758.247,441.479,50.0
757.328,443.256,50.0
756.409,445.032,50.0
755.491,446.809,50.0
754.572,448.585,50.0
753.715,450.392,50.0
752.878,452.208,50.0
752.041,454.025,50.0
751.204,455.841,50.0
750.367,457.658,50.0
749.584,459.497,50.0
748.844,461.355,50.0
748.103,463.213,50.0
747.363,465.071,50.0
746.622,466.929,50.0
745.882,468.787,50.0
745.142,470.645,50.0
744.551,472.549,50.0
744.122,474.502,50.0
743.694,476.456,50.0
743.265,478.409,50.0
742.836,480.362,50.0
742.435,482.32,50.0
742.306,484.316,50.0
742.178,486.312,50.0
742.049,488.307,50.0
741.92,490.303,50.0
742.062,492.295,50.0
742.247,494.287,50.0
742.431,496.278,50.0
742.616,498.27,50.0
742.8,500.261,50.0
743.028,502.247,50.0
743.341,504.223,50.0
743.72,506.184,50.0
744.214,508.123,50.0
744.707,510.061,50.0
745.2,511.999,50.0
745.792,513.905,50.0
746.55,515.756,50.0
747.307,517.607,50.0
748.082,519.45,50.0
748.957,521.248,50.0
749.832,523.047,50.0
750.707,524.845,50.0
751.582,526.644,50.0
752.719,528.278,50.0
753.961,529.845,50.0
755.203,531.413,50.0
756.445,532.98,50.0
757.788,534.457,50.0
759.213,535.861,50.0
760.638,537.264,50.0
762.119,538.6,50.0
763.758,539.745,50.0
765.398,540.89,50.0
767.038,542.035,50.0
768.678,543.18,50.0
770.381,544.219,50.0
772.164,545.125,50.0
773.947,546.032,50.0
775.73,546.938,50.0
777.516,547.835,50.0
779.462,548.296,50.0
781.408,548.757,50.0
783.354,549.219,50.0
785.301,549.68,50.0
787.247,550.141,50.0
789.193,550.602,50.0
791.139,551.064,50.0
793.11,551.365,50.0
795.104,551.514,50.0
797.098,551.663,50.0
799.093,551.811,50.0
801.087,551.96,50.0
803.082,552.108,50.0
805.079,552.131,50.0
807.077,552.056,50.0
809.076,551.98,50.0
811.074,551.905,50.0
813.072,551.816,50.0
815.054,551.553,50.0
817.037,551.29,50.0
819.02,551.027,50.0
820.995,550.716,50.0
822.967,550.384,50.0
824.94,550.052,50.0
826.906,549.688,50.0
828.864,549.281,50.0
830.822,548.875,50.0
832.781,548.469,50.0
834.704,547.927,50.0
836.616,547.34,50.0
838.528,546.753,50.0
840.44,546.166,50.0
842.342,545.55,50.0
844.211,544.837,50.0
846.08,544.125,50.0
847.948,543.413,50.0
849.817,542.7,50.0
851.652,541.905,50.0
853.48,541.094,50.0
855.308,540.282,50.0
857.136,539.47,50.0
858.956,538.642,50.0
860.768,537.796,50.0
862.58,536.949,50.0
864.392,536.103,50.0
866.185,535.218,50.0
867.956,534.289,50.0
869.727,533.359,50.0
871.498,532.43,50.0
873.207,531.395,50.0
874.886,530.307,50.0
876.564,529.22,50.0
878.242,528.132,50.0
879.921,527.044,50.0
881.59,525.943,50.0
883.194,524.748,50.0
884.798,523.553,50.0
886.401,522.359,50.0
888.005,521.164,50.0
889.644,520.02,50.0
891.338,518.956,50.0
893.031,517.891,50.0
894.724,516.827,50.0
896.406,515.746,50.0
898.036,514.587,50.0
899.667,513.429,50.0
901.297,512.27,50.0
902.927,511.112,50.0
904.516,509.898,50.0
906.087,508.66,50.0
907.658,507.422,50.0
909.229,506.185,50.0
689.45,22.601,45.0
687.788,23.714,45.0
686.126,24.826,45.0
684.464,25.939,45.0
682.802,27.052,45.0
681.14,28.164,45.0
679.464,29.254,45.0
677.768,30.315,45.0
676.073,31.376,45.0
674.378,32.437,45.0
672.682,33.498,45.0
670.987,34.559,45.0
669.24,35.529,45.0
667.462,36.445,45.0
665.684,37.362,45.0
663.906,38.278,45.0
662.128,39.194,45.0
660.351,40.11,45.0
658.566,41.013,45.0
656.746,41.841,45.0
654.925,42.669,45.0
653.105,43.497,45.0
651.285,44.326,45.0
649.464,45.154,45.0
647.644,45.982,45.0
645.796,46.747,45.0
643.939,47.488,45.0
642.081,48.229,45.0
640.223,48.97,45.0
638.365,49.711,45.0
636.508,50.452,45.0
634.65,51.193,45.0
632.792,51.934,45.0
630.935,52.674,45.0
629.077,53.415,45.0
627.169,54.013,45.0
625.256,54.597,45.0
623.343,55.182,45.0
621.431,55.766,45.0
619.518,56.352,45.0
617.606,56.938,45.0
615.694,57.524,45.0
613.782,58.11,45.0
611.869,58.695,45.0
609.907,59.067,45.0
607.934,59.392,45.0
605.96,59.716,45.0
603.986,60.04,45.0
602.013,60.365,45.0
600.036,60.649,45.0
598.036,60.696,45.0
596.037,60.742,45.0
594.037,60.788,45.0
592.038,60.834,45.0
590.038,60.881,45.0
588.046,60.737,45.0
586.057,60.535,45.0
584.067,60.333,45.0
582.094,60.018,45.0
580.135,59.615,45.0
578.176,59.212,45.0
576.337,58.429,45.0
574.502,57.635,45.0
572.742,56.697,45.0
571.049,55.632,45.0
569.741,54.126,45.0
568.577,52.53,45.0
568.056,50.599,45.0
567.535,48.668,45.0
567.215,46.71,45.0
567.215,44.71,45.0
567.215,42.71,45.0
567.48,40.729,45.0
567.757,38.748,45.0
568.215,36.828,45.0
569.179,35.075,45.0
570.142,33.322,45.0
571.247,31.671,45.0
572.598,30.196,45.0
573.948,28.721,45.0
575.501,27.486,45.0
577.186,26.409,45.0
578.871,25.332,45.0
