772.878,26.752,0.45
771.367,28.063,0.45
769.857,29.374,0.45
768.346,30.685,0.45
766.836,31.995,0.45
765.325,33.306,0.45
763.814,34.617,0.45
762.304,35.928,0.45
760.71,37.134,0.45
759.089,38.306,0.45
757.469,39.477,0.45
755.848,40.649,0.45
754.227,41.821,0.45
752.607,42.993,0.45
750.986,44.165,0.45
749.365,45.337,0.45
747.696,46.437,0.45
745.993,47.484,0.45
744.289,48.532,0.45
742.585,49.579,0.45
740.881,50.627,0.45
739.178,51.674,0.45
737.474,52.722,0.45
735.77,53.769,0.45
734.066,54.817,0.45
732.363,55.864,0.45
730.652,56.9,0.45
728.853,57.773,0.45
727.054,58.646,0.45
725.255,59.52,0.45
723.455,60.393,0.45
721.656,61.266,0.45
719.857,62.14,0.45
718.04,62.975,0.45
716.217,63.798,0.45
714.395,64.622,0.45
712.572,65.446,0.45
710.75,66.27,0.45
708.88,66.978,0.45
707,67.66,0.45
705.12,68.341,0.45
703.24,69.023,0.45
701.359,69.705,0.45
699.479,70.386,0.45
697.567,70.971,0.45
695.653,71.552,0.45
693.739,72.134,0.45
691.826,72.715,0.45
689.912,73.296,0.45
687.998,73.878,0.45
686.085,74.459,0.45
684.171,75.04,0.45
682.245,75.577,0.45
680.311,76.086,0.45
678.377,76.596,0.45
676.443,77.105,0.45
674.508,77.614,0.45
672.574,78.124,0.45
670.64,78.633,0.45
668.706,79.141,0.45
666.771,79.646,0.45
664.836,80.152,0.45
662.901,80.657,0.45
660.966,81.162,0.45
659.03,81.668,0.45
657.095,82.173,0.45
655.156,82.662,0.45
653.2,83.08,0.45
651.245,83.497,0.45
649.289,83.915,0.45
647.333,84.332,0.45
645.377,84.75,0.45
643.417,85.149,0.45
641.454,85.53,0.45
639.49,85.911,0.45
637.527,86.292,0.45
635.563,86.673,0.45
633.6,87.053,0.45
631.617,87.312,0.45
629.632,87.55,0.45
627.646,87.788,0.45
625.66,88.026,0.45
623.674,88.264,0.45
621.69,88.51,0.45
619.706,88.765,0.45
617.722,89.021,0.45
615.739,89.276,0.45
613.755,89.531,0.45
611.771,89.786,0.45
609.788,90.042,0.45
607.804,90.294,0.45
605.819,90.54,0.45
603.834,90.786,0.45
601.849,91.032,0.45
599.864,91.277,0.45
597.88,91.523,0.45
595.894,91.766,0.45
593.906,91.985,0.45
591.919,92.205,0.45
589.931,92.425,0.45
587.943,92.645,0.45
585.955,92.865,0.45
583.967,93.084,0.45
581.979,93.304,0.45
579.991,93.524,0.45
578.003,93.744,0.45
576.015,93.963,0.45
574.028,94.183,0.45
572.058,94.528,0.45
570.088,94.878,0.45
568.119,95.227,0.45
566.15,95.577,0.45
564.181,95.926,0.45
562.212,96.276,0.45
560.254,96.679,0.45
558.318,97.18,0.45
556.382,97.681,0.45
554.445,98.182,0.45
552.509,98.683,0.45
550.573,99.184,0.45
548.637,99.686,0.45
546.701,100.187,0.45
544.764,100.688,0.45
542.828,101.189,0.45
540.892,101.69,0.45
538.954,102.183,0.45
537.008,102.647,0.45
535.063,103.111,0.45
533.117,103.575,0.45
531.172,104.039,0.45
529.227,104.503,0.45
527.281,104.967,0.45
525.345,105.468,0.45
523.424,106.022,0.45
521.502,106.576,0.45
519.58,107.13,0.45
517.658,107.683,0.45
515.737,108.237,0.45
513.815,108.791,0.45
511.893,109.345,0.45
509.971,109.899,0.45
508.049,110.453,0.45
506.128,111.007,0.45
504.206,111.561,0.45
502.288,112.127,0.45
500.37,112.694,0.45
498.452,113.261,0.45
496.534,113.828,0.45
494.616,114.396,0.45
492.698,114.963,0.45
490.78,115.53,0.45
488.862,116.097,0.45
486.945,116.666,0.45
485.031,117.244,0.45
483.116,117.822,0.45
481.201,118.401,0.45
479.287,118.979,0.45
477.372,119.557,0.45
475.457,120.135,0.45
473.543,120.713,0.45
471.628,121.291,0.45
469.714,121.869,0.45
467.799,122.447,0.45
465.884,123.025,0.45
463.963,123.579,0.45
462.027,124.082,0.45
460.092,124.586,0.45
458.156,125.089,0.45
456.22,125.592,0.45
454.284,126.095,0.45
452.349,126.598,0.45
450.413,127.101,0.45
448.477,127.604,0.45
446.542,128.107,0.45
444.606,128.61,0.45
442.67,129.113,0.45
440.743,129.644,0.45
438.841,130.263,0.45
436.939,130.883,0.45
435.038,131.502,0.45
433.136,132.121,0.45
431.234,132.741,0.45
429.333,133.36,0.45
427.431,133.98,0.45
425.529,134.599,0.45
423.628,135.218,0.45
421.726,135.838,0.45
419.824,136.457,0.45
417.923,137.077,0.45
416.021,137.696,0.45
414.119,138.315,0.45
412.218,138.935,0.45
410.316,139.554,0.45
408.414,140.174,0.45
406.513,140.793,0.45
404.611,141.412,0.45
402.709,142.032,0.45
400.808,142.651,0.45
398.906,143.271,0.45
397.004,143.89,0.45
395.102,144.508,0.45
393.2,145.126,0.45
391.298,145.744,0.45
389.396,146.362,0.45
387.494,146.98,0.45
385.592,147.598,0.45
383.69,148.217,0.45
381.787,148.835,0.45
379.883,149.444,0.45
377.953,149.97,0.45
376.024,150.496,0.45
374.094,151.022,0.45
372.164,151.548,0.45
370.235,152.074,0.45
368.305,152.6,0.45
366.375,153.126,0.45
364.446,153.651,0.45
362.516,154.177,0.45
360.587,154.703,0.45
358.657,155.229,0.45
356.727,155.755,0.45
354.789,156.246,0.45
352.838,156.684,0.45
350.886,157.123,0.45
348.935,157.561,0.45
346.984,157.999,0.45
345.032,158.437,0.45
343.081,158.875,0.45
341.129,159.314,0.45
339.16,159.648,0.45
337.177,159.909,0.45
335.194,160.169,0.45
333.211,160.429,0.45
331.228,160.69,0.45
329.245,160.95,0.45
327.255,161.151,0.45
325.263,161.322,0.45
323.27,161.493,0.45
321.277,161.664,0.45
319.285,161.836,0.45
317.291,161.973,0.45
315.291,161.938,0.45
313.291,161.903,0.45
311.292,161.868,0.45
309.292,161.833,0.45
307.294,161.762,0.45
305.301,161.597,0.45
303.308,161.433,0.45
301.314,161.268,0.45
299.321,161.103,0.45
297.333,160.891,0.45
295.349,160.638,0.45
293.365,160.385,0.45
291.381,160.132,0.45
289.401,159.854,0.45
287.424,159.548,0.45
285.448,159.243,0.45
283.471,158.938,0.45
281.495,158.633,0.45
279.527,158.276,0.45
277.563,157.898,0.45
275.599,157.521,0.45
273.635,157.144,0.45
271.671,156.766,0.45
269.709,156.379,0.45
267.8,155.781,0.45
265.892,155.183,0.45
263.983,154.585,0.45
262.075,153.987,0.45
260.166,153.389,0.45
258.27,152.754,0.45
256.378,152.107,0.45
254.485,151.46,0.45
252.593,150.812,0.45
250.702,150.161,0.45
248.812,149.508,0.45
246.921,148.856,0.45
245.03,148.204,0.45
243.14,147.551,0.45
241.249,146.899,0.45
239.37,146.216,0.45
237.504,145.496,0.45
235.638,144.776,0.45
233.772,144.056,0.45
231.906,143.336,0.45
230.075,142.533,0.45
228.252,141.711,0.45
226.428,140.889,0.45
224.605,140.067,0.45
222.782,139.244,0.45
220.976,138.386,0.45
219.187,137.492,0.45
217.398,136.598,0.45
215.609,135.705,0.45
682.971,28.408,0.4
681.607,29.869,0.4
680.229,31.319,0.4
678.851,32.768,0.4
677.473,34.218,0.4
676.033,35.603,0.4
674.553,36.949,0.4
673.074,38.295,0.4
671.594,39.641,0.4
670.115,40.986,0.4
668.617,42.31,0.4
666.982,43.462,0.4
665.347,44.614,0.4
663.713,45.766,0.4
662.078,46.918,0.4
660.418,48.027,0.4
658.608,48.879,0.4
656.798,49.73,0.4
654.989,50.581,0.4
653.179,51.432,0.4
651.341,52.208,0.4
649.416,52.75,0.4
647.49,53.291,0.4
645.565,53.833,0.4
643.64,54.375,0.4
641.715,54.917,0.4
639.79,55.459,0.4
637.864,56.001,0.4
635.939,56.543,0.4
633.99,56.964,0.4
632.004,57.205,0.4
630.019,57.445,0.4
628.033,57.686,0.4
626.035,57.727,0.4
624.035,57.753,0.4
622.035,57.779,0.4
620.035,57.805,0.4
618.078,57.4,0.4
616.122,56.981,0.4
614.167,56.563,0.4
612.211,56.144,0.4
610.255,55.725,0.4
608.401,55,0.4
606.582,54.17,0.4
604.762,53.339,0.4
602.943,52.509,0.4
601.157,51.627,0.4
599.672,50.287,0.4
598.187,48.947,0.4
596.702,47.607,0.4
595.217,46.268,0.4
593.742,44.919,0.4
592.48,43.368,0.4
591.217,41.817,0.4
589.954,40.266,0.4
588.717,38.697,0.4
587.774,36.934,0.4
586.83,35.17,0.4
585.887,33.407,0.4
584.943,31.643,0.4
805.968,177.928,0.5
803.996,178.256,0.5
802.023,178.585,0.5
800.05,178.914,0.5
798.077,179.242,0.5
796.104,179.571,0.5
794.127,179.87,0.5
792.146,180.141,0.5
790.164,180.412,0.5
788.182,180.683,0.5
786.194,180.888,0.5
784.201,181.054,0.5
782.207,181.22,0.5
780.214,181.386,0.5
778.221,181.552,0.5
776.228,181.718,0.5
774.232,181.835,0.5
772.234,181.936,0.5
770.237,182.037,0.5
768.239,182.138,0.5
766.242,182.239,0.5
764.245,182.34,0.5
762.246,182.406,0.5
760.246,182.406,0.5
758.246,182.406,0.5
756.246,182.406,0.5
754.246,182.406,0.5
752.247,182.39,0.5
750.249,182.29,0.5
748.252,182.191,0.5
746.254,182.091,0.5
744.256,181.992,0.5
742.259,181.892,0.5
740.261,181.792,0.5
738.264,181.692,0.5
736.267,181.59,0.5
734.269,181.489,0.5
732.272,181.388,0.5
730.274,181.286,0.5
728.277,181.185,0.5
726.279,181.084,0.5
724.282,180.982,0.5
722.288,180.837,0.5
720.296,180.66,0.5
718.303,180.482,0.5
716.311,180.304,0.5
714.319,180.126,0.5
712.327,179.948,0.5
710.335,179.77,0.5
708.343,179.592,0.5
706.351,179.414,0.5
704.359,179.236,0.5
702.371,179.02,0.5
700.382,178.804,0.5
698.394,178.589,0.5
696.406,178.373,0.5
694.417,178.157,0.5
692.429,177.941,0.5
690.438,177.754,0.5
688.445,177.588,0.5
686.452,177.422,0.5
684.459,177.256,0.5
682.466,177.09,0.5
680.472,176.924,0.5
678.479,176.758,0.5
676.486,176.592,0.5
674.493,176.426,0.5
672.513,176.152,0.5
670.536,175.85,0.5
668.559,175.549,0.5
666.581,175.247,0.5
664.604,174.945,0.5
662.627,174.643,0.5
660.65,174.342,0.5
658.673,174.04,0.5
656.694,173.749,0.5
654.716,173.458,0.5
652.737,173.166,0.5
650.758,172.875,0.5
648.78,172.584,0.5
646.801,172.293,0.5
644.827,171.975,0.5
642.862,171.599,0.5
640.898,171.222,0.5
638.934,170.846,0.5
636.97,170.47,0.5
635.005,170.093,0.5
633.049,169.683,0.5
631.111,169.189,0.5
629.173,168.696,0.5
627.234,168.202,0.5
625.296,167.708,0.5
623.358,167.214,0.5
621.409,166.771,0.5
619.441,166.413,0.5
617.474,166.056,0.5
615.506,165.698,0.5
613.538,165.341,0.5
611.57,164.983,0.5
609.602,164.626,0.5
607.635,164.268,0.5
605.682,163.84,0.5
603.736,163.377,0.5
601.79,162.914,0.5
599.845,162.451,0.5
597.899,161.988,0.5
595.953,161.525,0.5
594.008,161.062,0.5
592.062,160.598,0.5
590.117,160.135,0.5
588.166,159.696,0.5
586.196,159.353,0.5
584.225,159.011,0.5
582.255,158.668,0.5
580.284,158.326,0.5
578.314,157.983,0.5
576.343,157.641,0.5
574.373,157.298,0.5
572.402,156.956,0.5
570.437,156.588,0.5
568.473,156.208,0.5
566.509,155.828,0.5
564.546,155.448,0.5
562.582,155.068,0.5
560.619,154.688,0.5
558.655,154.308,0.5
556.692,153.927,0.5
554.703,153.737,0.5
552.708,153.598,0.5
550.713,153.46,0.5
548.718,153.321,0.5
546.723,153.182,0.5
544.727,153.044,0.5
542.732,152.905,0.5
540.736,152.778,0.5
538.737,152.729,0.5
536.738,152.679,0.5
534.738,152.63,0.5
532.739,152.58,0.5
530.74,152.531,0.5
528.74,152.481,0.5
526.741,152.432,0.5
524.741,152.382,0.5
522.742,152.407,0.5
520.742,152.437,0.5
518.742,152.467,0.5
516.742,152.497,0.5
514.742,152.527,0.5
512.743,152.557,0.5
510.743,152.587,0.5
508.743,152.617,0.5
506.747,152.732,0.5
504.751,152.866,0.5
502.756,152.999,0.5
500.76,153.132,0.5
498.765,153.266,0.5
496.769,153.399,0.5
494.774,153.532,0.5
492.778,153.666,0.5
490.782,153.799,0.5
488.788,153.944,0.5
486.805,154.202,0.5
484.821,154.459,0.5
482.838,154.717,0.5
480.855,154.974,0.5
478.871,155.231,0.5
476.888,155.489,0.5
474.907,155.768,0.5
472.928,156.052,0.5
470.948,156.336,0.5
468.968,156.621,0.5
466.989,156.905,0.5
465.009,157.189,0.5
463.029,157.474,0.5
461.06,157.822,0.5
459.091,158.172,0.5
457.122,158.523,0.5
455.153,158.874,0.5
453.184,159.224,0.5
451.215,159.575,0.5
449.246,159.926,0.5
447.277,160.277,0.5
445.308,160.627,0.5
443.339,160.978,0.5
441.377,161.365,0.5
439.417,161.763,0.5
437.457,162.161,0.5
435.497,162.559,0.5
433.537,162.956,0.5
431.577,163.354,0.5
429.617,163.752,0.5
427.657,164.15,0.5
425.718,164.64,0.5
423.784,165.15,0.5
421.85,165.66,0.5
419.916,166.17,0.5
417.983,166.68,0.5
416.049,167.19,0.5
414.129,167.75,0.5
412.213,168.324,0.5
410.297,168.897,0.5
408.381,169.471,0.5
406.465,170.044,0.5
404.549,170.617,0.5
402.633,171.191,0.5
400.717,171.764,0.5
398.817,172.387,0.5
396.938,173.072,0.5
395.058,173.756,0.5
393.179,174.44,0.5
391.3,175.124,0.5
389.42,175.808,0.5
387.541,176.492,0.5
385.662,177.176,0.5
383.782,177.86,0.5
381.903,178.544,0.5
380.023,179.229,0.5
378.144,179.913,0.5
376.265,180.597,0.5
374.385,181.281,0.5
372.506,181.965,0.5
370.634,182.669,0.5
368.763,183.376,0.5
366.892,184.083,0.5
365.021,184.79,0.5
363.15,185.497,0.5
361.28,186.204,0.5
359.409,186.912,0.5
357.542,187.628,0.5
355.675,188.345,0.5
353.807,189.061,0.5
351.94,189.778,0.5
350.073,190.495,0.5
348.206,191.211,0.5
346.338,191.928,0.5
344.471,192.644,0.5
342.604,193.361,0.5
340.737,194.077,0.5
338.87,194.794,0.5
337.002,195.511,0.5
335.135,196.227,0.5
333.268,196.944,0.5
331.401,197.662,0.5
329.541,198.395,0.5
327.68,199.128,0.5
325.819,199.861,0.5
323.958,200.594,0.5
322.097,201.326,0.5
320.236,202.059,0.5
318.375,202.792,0.5
316.514,203.525,0.5
314.653,204.258,0.5
312.792,204.99,0.5
310.879,205.57,0.5
308.957,206.121,0.5
307.034,206.672,0.5
305.112,207.223,0.5
303.189,207.774,0.5
301.267,208.326,0.5
299.344,208.877,0.5
297.422,209.428,0.5
295.499,209.979,0.5
293.576,210.53,0.5
291.628,210.971,0.5
289.659,211.317,0.5
287.689,211.664,0.5
285.719,212.011,0.5
283.749,212.358,0.5
281.78,212.704,0.5
279.81,213.051,0.5
277.84,213.398,0.5
275.866,213.715,0.5
273.888,214.013,0.5
271.91,214.31,0.5
269.932,214.607,0.5
267.955,214.905,0.5
265.957,214.99,0.5
263.958,215.066,0.5
261.96,215.143,0.5
259.961,215.22,0.5
257.963,215.297,0.5
255.964,215.374,0.5
253.965,215.363,0.5
251.966,215.302,0.5
249.967,215.241,0.5
247.968,215.18,0.5
245.969,215.119,0.5
243.978,214.976,0.5
242.004,214.656,0.5
240.03,214.336,0.5
238.055,214.016,0.5
236.081,213.696,0.5
234.107,213.376,0.5
232.142,213.012,0.5
230.207,212.504,0.5
228.273,211.997,0.5
226.338,211.49,0.5
224.404,210.983,0.5
222.469,210.476,0.5
220.534,209.968,0.5
218.6,209.461,0.5
216.706,208.821,0.5
214.819,208.157,0.5
212.933,207.493,0.5
211.046,206.828,0.5
209.16,206.164,0.5
207.273,205.5,0.5
205.387,204.836,0.5
203.501,204.171,0.5
201.614,203.507,0.5
199.807,202.655,0.5
198.018,201.761,0.5
196.229,200.867,0.5
194.44,199.974,0.5
192.651,199.08,0.5
190.862,198.186,0.5
189.072,197.292,0.5
187.291,196.384,0.5
185.526,195.442,0.5
183.762,194.499,0.5
181.998,193.557,0.5
180.234,192.615,0.5
178.47,191.673,0.5
176.706,190.73,0.5
175.02,189.656,0.5
173.351,188.555,0.5
171.682,187.453,0.5
170.012,186.352,0.5
505.366,304.126,0.55
503.929,305.516,0.55
502.491,306.907,0.55
501.054,308.297,0.55
499.616,309.688,0.55
498.179,311.078,0.55
496.741,312.469,0.55
495.357,313.91,0.55
494.053,315.426,0.55
492.749,316.942,0.55
491.445,318.459,0.55
490.141,319.975,0.55
488.78,321.44,0.55
487.396,322.884,0.55
486.012,324.327,0.55
484.627,325.771,0.55
483.243,327.214,0.55
481.859,328.658,0.55
480.465,330.092,0.55
479.071,331.526,0.55
477.677,332.96,0.55
476.283,334.394,0.55
474.889,335.828,0.55
473.495,337.262,0.55
472.099,338.695,0.55
470.628,340.05,0.55
469.156,341.404,0.55
467.685,342.758,0.55
466.213,344.113,0.55
464.741,345.467,0.55
463.27,346.821,0.55
461.742,348.108,0.55
460.13,349.292,0.55
458.518,350.476,0.55
456.906,351.659,0.55
455.294,352.843,0.55
453.682,354.027,0.55
452.07,355.211,0.55
450.458,356.394,0.55
448.846,357.578,0.55
447.195,358.705,0.55
445.509,359.781,0.55
443.824,360.858,0.55
442.138,361.935,0.55
440.453,363.011,0.55
438.641,363.858,0.55
436.826,364.698,0.55
435.011,365.537,0.55
433.196,366.377,0.55
431.38,367.217,0.55
429.502,367.891,0.55
427.592,368.487,0.55
425.683,369.083,0.55
423.774,369.679,0.55
421.832,370.15,0.55
419.875,370.563,0.55
417.919,370.976,0.55
415.962,371.389,0.55
414.005,371.802,0.55
412.048,372.215,0.55
410.062,372.444,0.55
408.073,372.658,0.55
406.085,372.873,0.55
404.096,373.088,0.55
402.104,373.134,0.55
400.108,373.013,0.55
398.111,372.892,0.55
396.115,372.772,0.55
394.119,372.651,0.55
392.147,372.401,0.55
390.247,371.775,0.55
388.348,371.149,0.55
386.448,370.524,0.55
384.549,369.898,0.55
382.688,369.182,0.55
380.931,368.226,0.55
379.175,367.27,0.55
377.418,366.314,0.55
375.661,365.358,0.55
374.006,364.242,0.55
372.391,363.061,0.55
370.777,361.881,0.55
369.163,360.7,0.55
367.715,359.331,0.55
366.346,357.873,0.55
364.976,356.416,0.55
363.607,354.958,0.55
362.311,353.445,0.55
361.272,351.736,0.55
360.233,350.027,0.55
359.193,348.318,0.55
358.377,346.505,0.55
357.737,344.61,0.55
357.098,342.716,0.55
356.505,340.812,0.55
356.428,338.813,0.55
356.351,336.815,0.55
356.274,334.816,0.55
356.197,332.818,0.55
356.12,330.819,0.55
356.043,328.821,0.55
356.251,326.834,0.55
356.487,324.848,0.55
356.724,322.862,0.55
356.96,320.876,0.55
357.196,318.89,0.55
357.477,316.911,0.55
357.932,314.964,0.55
358.387,313.016,0.55
358.843,311.069,0.55
359.298,309.121,0.55
359.874,307.207,0.55
360.472,305.299,0.55
361.07,303.39,0.55
361.759,301.52,0.55
362.706,299.758,0.55
363.653,297.996,0.55
364.599,296.235,0.55
365.546,294.473,0.55
366.548,292.743,0.55
367.631,291.062,0.55
368.714,289.381,0.55
369.797,287.7,0.55
370.881,286.019,0.55
371.964,284.337,0.55
373.047,282.656,0.55
374.131,280.975,0.55
375.365,279.41,0.55
376.72,277.939,0.55
378.075,276.468,0.55
379.43,274.997,0.55
380.785,273.526,0.55
382.14,272.055,0.55
383.495,270.584,0.55
384.85,269.113,0.55
386.205,267.642,0.55
387.56,266.171,0.55
388.921,264.705,0.55
390.281,263.239,0.55
391.641,261.773,0.55
393.002,260.307,0.55
394.362,258.841,0.55
395.722,257.375,0.55
397.098,255.923,0.55
398.477,254.474,0.55
399.855,253.025,0.55
401.233,251.576,0.55
402.611,250.126,0.55
403.99,248.677,0.55
405.368,247.228,0.55
406.746,245.778,0.55
408.133,244.338,0.55
409.63,243.012,0.55
411.127,241.686,0.55
412.624,240.36,0.55
414.121,239.034,0.55
415.619,237.707,0.55
417.116,236.381,0.55
418.613,235.055,0.55
420.11,233.729,0.55
421.607,232.403,0.55
423.104,231.077,0.55
424.652,229.811,0.55
426.207,228.553,0.55
427.762,227.295,0.55
429.317,226.037,0.55
430.872,224.78,0.55
432.427,223.522,0.55
433.982,222.264,0.55
435.553,221.026,0.55
437.149,219.822,0.55
438.746,218.617,0.55
440.343,217.413,0.55
441.939,216.208,0.55
443.536,215.004,0.55
445.132,213.799,0.55
446.729,212.595,0.55
448.4,211.497,0.55
450.082,210.415,0.55
451.764,209.332,0.55
453.446,208.25,0.55
455.127,207.168,0.55
456.809,206.085,0.55
458.491,205.003,0.55
460.197,203.962,0.55
461.957,203.011,0.55
463.716,202.06,0.55
465.475,201.109,0.55
467.235,200.157,0.55
468.994,199.206,0.55
470.82,198.394,0.55
472.661,197.612,0.55
474.502,196.831,0.55
476.343,196.049,0.55
478.184,195.268,0.55
480.089,194.659,0.55
481.997,194.06,0.55
483.905,193.462,0.55
485.82,192.886,0.55
487.747,192.349,0.55
489.674,191.812,0.55
491.6,191.275,0.55
493.533,190.777,0.55
495.531,190.689,0.55
497.529,190.6,0.55
499.527,190.511,0.55
501.526,190.489,0.55
503.526,190.529,0.55
505.525,190.57,0.55
507.525,190.61,0.55
509.511,190.783,0.55
511.479,191.141,0.55
513.447,191.498,0.55
515.355,192.081,0.55
517.245,192.736,0.55
519.135,193.391,0.55
520.972,194.173,0.55
522.776,195.037,0.55
524.579,195.901,0.55
526.276,196.932,0.55
527.812,198.214,0.55
529.347,199.495,0.55
530.882,200.777,0.55
532.327,202.148,0.55
533.574,203.711,0.55
534.822,205.274,0.55
536.07,206.837,0.55
537.244,208.448,0.55
538.188,210.212,0.55
539.132,211.975,0.55
540.075,213.738,0.55
540.884,215.558,0.55
541.466,217.471,0.55
542.049,219.384,0.55
542.632,221.298,0.55
543.006,223.253,0.55
543.219,225.242,0.55
543.432,227.23,0.55
543.645,229.219,0.55
543.61,231.216,0.55
543.527,233.214,0.55
543.445,235.213,0.55
542.976,237.154,0.55
542.485,239.093,0.55
541.994,241.032,0.55
541.441,242.954,0.55
540.863,244.868,0.55
540.285,246.783,0.55
539.708,248.698,0.55
539.064,250.589,0.55
538.274,252.426,0.55
537.484,254.263,0.55
536.694,256.101,0.55
535.904,257.938,0.55
535.114,259.776,0.55
534.24,261.571,0.55
533.275,263.323,0.55
532.31,265.075,0.55
531.345,266.827,0.55
530.381,268.579,0.55
529.416,270.331,0.55
528.451,272.083,0.55
527.477,273.83,0.55
526.483,275.565,0.55
525.488,277.3,0.55
524.493,279.035,0.55
523.499,280.771,0.55
522.463,282.479,0.55
521.325,284.125,0.55
520.188,285.77,0.55
519.051,287.415,0.55
517.914,289.06,0.55
516.694,290.643,0.55
515.424,292.188,0.55
514.153,293.732,0.55
512.883,295.277,0.55
511.612,296.822,0.55
510.342,298.366,0.55
509.071,299.911,0.55
507.801,301.455,0.55
278.169,362.327,0.5
277.812,364.294,0.5
277.31,366.23,0.5
276.809,368.166,0.5
275.902,369.938,0.5
274.914,371.676,0.5
273.834,373.351,0.5
272.542,374.878,0.5
271.249,376.404,0.5
269.938,377.914,0.5
268.609,379.408,0.5
267.28,380.903,0.5
265.754,382.19,0.5
264.193,383.442,0.5
262.601,384.646,0.5
260.878,385.662,0.5
259.156,386.678,0.5
257.433,387.695,0.5
255.558,388.378,0.5
253.664,389.019,0.5
251.769,389.66,0.5
249.86,390.25,0.5
247.919,390.735,0.5
245.979,391.22,0.5
244.039,391.705,0.5
242.072,392.064,0.5
240.1,392.399,0.5
238.129,392.735,0.5
236.157,393.07,0.5
234.185,393.405,0.5
232.195,393.543,0.5
230.195,393.574,0.5
228.196,393.606,0.5
226.196,393.638,0.5
224.196,393.67,0.5
222.196,393.701,0.5
220.197,393.733,0.5
218.197,393.765,0.5
216.202,393.709,0.5
214.217,393.464,0.5
212.232,393.219,0.5
210.247,392.974,0.5
208.262,392.729,0.5
206.277,392.484,0.5
204.292,392.239,0.5
202.313,391.957,0.5
200.34,391.626,0.5
198.368,391.295,0.5
196.396,390.964,0.5
194.423,390.632,0.5
192.451,390.301,0.5
190.478,389.97,0.5
188.516,389.587,0.5
186.562,389.159,0.5
184.609,388.731,0.5
182.655,388.303,0.5
180.701,387.875,0.5
178.748,387.447,0.5
176.849,386.827,0.5
174.965,386.156,0.5
173.081,385.485,0.5
171.196,384.815,0.5
169.313,384.143,0.5
167.429,383.471,0.5
165.545,382.8,0.5
163.661,382.128,0.5
161.796,381.414,0.5
160.013,380.506,0.5
158.231,379.598,0.5
156.449,378.691,0.5
154.667,377.783,0.5
152.885,376.875,0.5
151.103,375.968,0.5
149.32,375.06,0.5
147.538,374.152,0.5
145.756,373.245,0.5
144.051,372.204,0.5
142.377,371.11,0.5
140.703,370.015,0.5
139.029,368.921,0.5
137.387,367.781,0.5
135.795,366.57,0.5
134.204,365.358,0.5
132.613,364.147,0.5
131.021,362.936,0.5
129.43,361.724,0.5
127.839,360.513,0.5
126.247,359.301,0.5
124.656,358.09,0.5
123.064,356.879,0.5
121.473,355.667,0.5
119.882,354.456,0.5
118.415,353.1,0.5
116.981,351.706,0.5
115.547,350.312,0.5
114.113,348.917,0.5
112.815,347.404,0.5
111.616,345.803,0.5
110.417,344.202,0.5
109.329,342.547,0.5
108.803,340.617,0.5
108.278,338.688,0.5
107.753,336.758,0.5
107.424,334.805,0.5
107.491,332.806,0.5
107.557,330.807,0.5
107.624,328.808,0.5
107.798,326.825,0.5
108.292,324.887,0.5
108.797,322.952,0.5
109.507,321.083,0.5
110.218,319.213,0.5
110.928,317.343,0.5
112.028,315.679,0.5
113.167,314.035,0.5
114.306,312.391,0.5
115.896,311.197,0.5
117.537,310.053,0.5
119.185,308.922,0.5
120.979,308.037,0.5
122.773,307.153,0.5
124.607,306.373,0.5
126.527,305.812,0.5
128.447,305.252,0.5
130.366,304.691,0.5
132.332,304.368,0.5
134.323,304.18,0.5
136.314,303.992,0.5
138.305,303.804,0.5
140.299,303.646,0.5
142.294,303.511,0.5
144.29,303.375,0.5
146.285,303.239,0.5
148.28,303.103,0.5
150.276,302.967,0.5
152.271,302.832,0.5
154.267,302.696,0.5
156.262,302.56,0.5
158.261,302.512,0.5
160.261,302.489,0.5
162.261,302.465,0.5
164.26,302.442,0.5
166.26,302.418,0.5
168.26,302.395,0.5
170.26,302.371,0.5
172.26,302.347,0.5
174.26,302.324,0.5
176.26,302.3,0.5
178.259,302.277,0.5
180.259,302.277,0.5
182.258,302.35,0.5
184.256,302.422,0.5
186.255,302.495,0.5
188.254,302.567,0.5
190.252,302.64,0.5
192.251,302.712,0.5
194.246,302.838,0.5
196.238,303.018,0.5
198.23,303.198,0.5
200.222,303.377,0.5
202.208,303.6,0.5
204.179,303.944,0.5
206.149,304.289,0.5
208.119,304.633,0.5
210.089,304.977,0.5
212.059,305.321,0.5
214.004,305.787,0.5
215.949,306.253,0.5
217.894,306.719,0.5
219.839,307.184,0.5
221.767,307.712,0.5
223.673,308.319,0.5
225.579,308.925,0.5
227.485,309.531,0.5
229.393,310.129,0.5
231.342,310.575,0.5
233.292,311.022,0.5
235.15,311.758,0.5
237.003,312.511,0.5
238.856,313.264,0.5
240.709,314.016,0.5
242.537,314.825,0.5
244.326,315.719,0.5
246.115,316.613,0.5
247.904,317.507,0.5
249.644,318.483,0.5
251.279,319.634,0.5
252.915,320.785,0.5
254.55,321.936,0.5
256.186,323.087,0.5
257.822,324.238,0.5
259.394,325.47,0.5
260.902,326.784,0.5
262.409,328.098,0.5
263.917,329.412,0.5
265.425,330.726,0.5
266.763,332.204,0.5
268.026,333.755,0.5
269.289,335.306,0.5
270.552,336.856,0.5
271.732,338.468,0.5
272.833,340.138,0.5
273.933,341.808,0.5
274.816,343.599,0.5
275.658,345.414,0.5
276.5,347.228,0.5
277.195,349.096,0.5
277.732,351.022,0.5
278.175,352.966,0.5
278.335,354.959,0.5
278.496,356.953,0.5
278.456,358.951,0.5
624.135,688.907,0.55
623.412,687.042,0.55
622.688,685.178,0.55
621.964,683.313,0.55
621.24,681.449,0.55
620.516,679.584,0.55
619.792,677.72,0.55
619.068,675.856,0.55
618.318,674.002,0.55
617.566,672.149,0.55
616.814,670.295,0.55
616.062,668.442,0.55
615.31,666.589,0.55
614.559,664.735,0.55
613.726,662.917,0.55
612.883,661.103,0.55
612.041,659.289,0.55
611.198,657.476,0.55
610.356,655.662,0.55
609.513,653.848,0.55
608.671,652.034,0.55
607.776,650.246,0.55
606.856,648.47,0.55
605.937,646.694,0.55
605.017,644.918,0.55
604.097,643.142,0.55
603.177,641.366,0.55
602.257,639.59,0.55
601.341,637.812,0.55
600.432,636.031,0.55
599.523,634.249,0.55
598.614,632.468,0.55
597.705,630.686,0.55
596.796,628.905,0.55
595.887,627.124,0.55
594.978,625.342,0.55
594.068,623.561,0.55
593.159,621.779,0.55
592.22,620.015,0.55
591.166,618.315,0.55
590.112,616.615,0.55
589.058,614.916,0.55
588.004,613.216,0.55
586.95,611.516,0.55
585.896,609.816,0.55
584.842,608.117,0.55
583.71,606.468,0.55
582.573,604.823,0.55
581.435,603.178,0.55
580.298,601.533,0.55
579.16,599.888,0.55
578.022,598.243,0.55
576.885,596.598,0.55
575.747,594.953,0.55
574.584,593.327,0.55
573.341,591.761,0.55
572.097,590.194,0.55
570.854,588.628,0.55
569.61,587.062,0.55
568.337,585.519,0.55
567.065,583.976,0.55
565.792,582.433,0.55
564.52,580.89,0.55
563.24,579.352,0.55
561.941,577.832,0.55
560.641,576.312,0.55
559.341,574.792,0.55
558.042,573.272,0.55
556.739,571.754,0.55
555.411,570.259,0.55
554.082,568.764,0.55
552.753,567.27,0.55
551.425,565.775,0.55
550.096,564.28,0.55
548.768,562.785,0.55
547.403,561.325,0.55
545.953,559.947,0.55
544.504,558.568,0.55
543.055,557.19,0.55
541.605,555.812,0.55
540.156,554.434,0.55
538.706,553.056,0.55
537.251,551.685,0.55
535.795,550.313,0.55
534.339,548.942,0.55
532.883,547.571,0.55
531.401,546.228,0.55
529.895,544.912,0.55
528.39,543.595,0.55
526.884,542.279,0.55
525.379,540.962,0.55
523.873,539.646,0.55
522.365,538.333,0.55
520.815,537.068,0.55
519.266,535.803,0.55
517.717,534.538,0.55
516.167,533.273,0.55
514.618,532.009,0.55
513.069,530.744,0.55
511.52,529.479,0.55
509.97,528.214,0.55
508.421,526.949,0.55
506.872,525.685,0.55
505.322,524.42,0.55
503.77,523.159,0.55
502.135,522.008,0.55
500.499,520.857,0.55
498.864,519.705,0.55
497.228,518.554,0.55
495.593,517.402,0.55
493.958,516.251,0.55
492.322,515.1,0.55
490.687,513.948,0.55
489.087,512.749,0.55
487.492,511.542,0.55
485.897,510.335,0.55
484.302,509.129,0.55
482.707,507.922,0.55
481.112,506.715,0.55
479.517,505.508,0.55
477.921,504.304,0.55
476.294,503.141,0.55
474.667,501.978,0.55
473.04,500.815,0.55
471.413,499.652,0.55
469.786,498.489,0.55
468.158,497.326,0.55
466.52,496.18,0.55
464.857,495.068,0.55
463.194,493.957,0.55
461.531,492.845,0.55
459.869,491.734,0.55
458.206,490.622,0.55
456.543,489.511,0.55
454.881,488.399,0.55
453.218,487.288,0.55
451.555,486.176,0.55
449.893,485.065,0.55
448.194,484.01,0.55
446.482,482.976,0.55
444.769,481.943,0.55
443.057,480.91,0.55
441.344,479.876,0.55
439.632,478.843,0.55
437.92,477.81,0.55
436.194,476.8,0.55
434.466,475.792,0.55
432.738,474.785,0.55
431.01,473.778,0.55
429.282,472.771,0.55
427.554,471.764,0.55
425.826,470.756,0.55
424.1,469.747,0.55
422.373,468.738,0.55
420.647,467.728,0.55
418.92,466.719,0.55
417.193,465.709,0.55
415.467,464.7,0.55
413.727,463.714,0.55
411.972,462.756,0.55
410.216,461.797,0.55
408.461,460.838,0.55
406.706,459.88,0.55
404.951,458.921,0.55
403.195,457.962,0.55
401.409,457.065,0.55
399.593,456.228,0.55
397.776,455.391,0.55
395.96,454.554,0.55
394.143,453.717,0.55
392.327,452.88,0.55
390.511,452.043,0.55
388.678,451.243,0.55
386.83,450.478,0.55
384.982,449.713,0.55
383.134,448.948,0.55
381.286,448.183,0.55
379.438,447.418,0.55
377.579,446.682,0.55
375.705,445.985,0.55
373.83,445.287,0.55
371.956,444.59,0.55
370.081,443.893,0.55
368.207,443.195,0.55
366.332,442.498,0.55
364.458,441.801,0.55
362.583,441.103,0.55
360.709,440.406,0.55
358.834,439.709,0.55
356.941,439.07,0.55
355.009,438.552,0.55
353.077,438.035,0.55
351.145,437.517,0.55
349.214,436.999,0.55
347.282,436.482,0.55
345.35,435.964,0.55
343.418,435.447,0.55
341.486,434.929,0.55
339.553,434.415,0.55
337.612,433.934,0.55
335.671,433.454,0.55
333.729,432.973,0.55
331.788,432.492,0.55
329.846,432.012,0.55
327.905,431.531,0.55
325.964,431.051,0.55
324.022,430.57,0.55
322.081,430.089,0.55
320.135,429.63,0.55
318.174,429.233,0.55
316.214,428.836,0.55
314.254,428.439,0.55
312.294,428.042,0.55
310.333,427.646,0.55
308.373,427.249,0.55
306.413,426.852,0.55
304.453,426.455,0.55
302.487,426.089,0.55
300.507,425.807,0.55
298.527,425.526,0.55
296.547,425.245,0.55
294.567,424.963,0.55
292.587,424.682,0.55
290.607,424.401,0.55
288.627,424.119,0.55
286.646,423.838,0.55
284.658,423.623,0.55
282.669,423.416,0.55
280.68,423.209,0.55
278.69,423.002,0.55
276.701,422.795,0.55
274.712,422.588,0.55
272.723,422.381,0.55
270.733,422.173,0.55
268.744,421.966,0.55
266.755,421.759,0.55
264.766,421.552,0.55
262.776,421.345,0.55
260.787,421.138,0.55
258.798,420.93,0.55
256.809,420.723,0.55
254.82,420.51,0.55
252.832,420.295,0.55
250.843,420.08,0.55
248.855,419.865,0.55
246.866,419.65,0.55
244.878,419.436,0.55
242.89,419.221,0.55
240.894,419.101,0.55
238.896,419.008,0.55
236.898,418.915,0.55
234.9,418.822,0.55
232.902,418.729,0.55
230.905,418.635,0.55
228.907,418.542,0.55
226.911,418.418,0.55
224.918,418.249,0.55
222.925,418.08,0.55
220.932,417.911,0.55
218.94,417.741,0.55
216.947,417.572,0.55
214.954,417.403,0.55
212.961,417.233,0.55
210.973,417.018,0.55
208.986,416.789,0.55
206.999,416.561,0.55
205.012,416.332,0.55
203.025,416.103,0.55
201.039,415.874,0.55
199.052,415.646,0.55
197.075,415.352,0.55
195.108,414.987,0.55
193.142,414.623,0.55
191.175,414.258,0.55
189.209,413.894,0.55
187.242,413.529,0.55
185.276,413.165,0.55
183.309,412.8,0.55
181.343,412.433,0.55
179.381,412.044,0.55
177.42,411.654,0.55
175.458,411.265,0.55
173.496,410.876,0.55
171.534,410.487,0.55
169.573,410.098,0.55
167.611,409.709,0.55
165.649,409.319,0.55
163.687,408.93,0.55
161.725,408.541,0.55
159.777,408.092,0.55
157.838,407.602,0.55
155.899,407.112,0.55
153.96,406.623,0.55
152.021,406.133,0.55
150.082,405.643,0.55
148.143,405.153,0.55
146.203,404.664,0.55
144.264,404.174,0.55
142.325,403.684,0.55
140.386,403.194,0.55
138.447,402.704,0.55
136.508,402.215,0.55
134.569,401.725,0.55
132.637,401.211,0.55
130.737,400.585,0.55
128.838,399.959,0.55
126.938,399.333,0.55
125.039,398.706,0.55
123.139,398.08,0.55
121.24,397.454,0.55
119.341,396.828,0.55
117.466,396.139,0.55
115.654,395.293,0.55
113.842,394.447,0.55
112.029,393.601,0.55
110.217,392.755,0.55
108.405,391.909,0.55
106.593,391.062,0.55
104.78,390.216,0.55
102.968,389.37,0.55
101.156,388.524,0.55
99.344,387.678,0.55
97.577,386.741,0.55
95.817,385.792,0.55
94.056,384.843,0.55
92.296,383.894,0.55
90.535,382.945,0.55
88.775,381.996,0.55
87.014,381.047,0.55
85.254,380.098,0.55
83.569,379.022,0.55
81.894,377.929,0.55
80.219,376.835,0.55
78.545,375.742,0.55
76.87,374.649,0.55
75.195,373.555,0.55
73.521,372.462,0.55
72.127,371.031,0.55
70.745,369.584,0.55
69.364,368.138,0.55
67.982,366.692,0.55
66.601,365.246,0.55
65.22,363.799,0.55
63.838,362.353,0.55
62.526,360.844,0.55
61.221,359.329,0.55
59.916,357.813,0.55
58.61,356.298,0.55
57.305,354.782,0.55
703.455,690.811,0.5
702.408,689.106,0.5
701.361,687.402,0.5
700.315,685.698,0.5
699.268,683.994,0.5
698.221,682.29,0.5
697.174,680.585,0.5
696.128,678.881,0.5
695.081,677.177,0.5
694.034,675.473,0.5
692.967,673.781,0.5
691.896,672.092,0.5
690.825,670.403,0.5
689.754,668.714,0.5
688.683,667.025,0.5
687.612,665.336,0.5
686.532,663.653,0.5
685.442,661.976,0.5
684.351,660.299,0.5
683.261,658.623,0.5
682.171,656.946,0.5
681.08,655.269,0.5
679.99,653.593,0.5
678.9,651.916,0.5
677.809,650.239,0.5
676.719,648.563,0.5
675.633,646.883,0.5
674.568,645.191,0.5
673.502,643.498,0.5
672.437,641.805,0.5
671.372,640.113,0.5
670.307,638.42,0.5
669.241,636.727,0.5
668.176,635.034,0.5
667.111,633.342,0.5
666.046,631.649,0.5
664.959,629.97,0.5
663.864,628.296,0.5
662.77,626.622,0.5
661.675,624.949,0.5
660.58,623.275,0.5
659.486,621.601,0.5
658.391,619.927,0.5
657.296,618.253,0.5
656.202,616.579,0.5
655.107,614.906,0.5
654.012,613.232,0.5
652.918,611.558,0.5
651.823,609.884,0.5
650.728,608.21,0.5
649.634,606.536,0.5
648.542,604.861,0.5
647.461,603.178,0.5
646.381,601.495,0.5
645.3,599.812,0.5
644.219,598.129,0.5
643.139,596.446,0.5
642.058,594.763,0.5
640.977,593.08,0.5
639.897,591.398,0.5
638.816,589.715,0.5
637.735,588.032,0.5
636.655,586.349,0.5
635.574,584.666,0.5
634.493,582.983,0.5
633.38,581.321,0.5
632.265,579.661,0.5
631.149,578.001,0.5
630.033,576.342,0.5
628.918,574.682,0.5
627.802,573.022,0.5
626.687,571.362,0.5
625.571,569.702,0.5
624.456,568.042,0.5
623.34,566.382,0.5
622.237,564.713,0.5
621.137,563.043,0.5
620.037,561.373,0.5
618.937,559.702,0.5
617.837,558.032,0.5
616.737,556.362,0.5
615.637,554.692,0.5
614.537,553.021,0.5
613.437,551.351,0.5
612.337,549.681,0.5
611.237,548.01,0.5
610.098,546.366,0.5
608.956,544.724,0.5
607.814,543.082,0.5
606.673,541.44,0.5
605.531,539.798,0.5
604.39,538.156,0.5
603.248,536.513,0.5
602.106,534.871,0.5
600.965,533.229,0.5
599.823,531.587,0.5
598.681,529.945,0.5
597.54,528.303,0.5
596.398,526.66,0.5
595.257,525.018,0.5
594.115,523.376,0.5
592.947,521.753,0.5
591.77,520.135,0.5
590.594,518.518,0.5
589.418,516.9,0.5
588.241,515.283,0.5
587.065,513.665,0.5
585.889,512.048,0.5
584.712,510.431,0.5
583.536,508.813,0.5
582.354,507.2,0.5
581.165,505.592,0.5
579.975,503.984,0.5
578.786,502.376,0.5
577.597,500.768,0.5
576.407,499.16,0.5
575.218,497.552,0.5
573.945,496.016,0.5
572.531,494.602,0.5
571.117,493.187,0.5
569.704,491.772,0.5
568.29,490.357,0.5
566.877,488.942,0.5
565.463,487.527,0.5
564.05,486.112,0.5
562.636,484.698,0.5
561.222,483.283,0.5
559.809,481.868,0.5
558.395,480.453,0.5
556.982,479.038,0.5
555.513,477.681,0.5
554.045,476.323,0.5
552.576,474.965,0.5
551.108,473.607,0.5
549.639,472.25,0.5
548.171,470.892,0.5
546.572,469.69,0.5
544.973,468.489,0.5
543.374,467.287,0.5
541.775,466.086,0.5
540.176,464.884,0.5
538.577,463.683,0.5
536.929,462.557,0.5
535.187,461.574,0.5
533.445,460.591,0.5
531.703,459.609,0.5
529.962,458.626,0.5
528.22,457.643,0.5
526.478,456.66,0.5
524.736,455.677,0.5
522.994,454.694,0.5
521.253,453.711,0.5
519.511,452.728,0.5
517.776,451.734,0.5
516.042,450.737,0.5
514.308,449.74,0.5
512.574,448.744,0.5
510.84,447.747,0.5
509.106,446.751,0.5
507.372,445.754,0.5
505.638,444.757,0.5
503.904,443.761,0.5
502.17,442.764,0.5
500.436,441.767,0.5
498.702,440.771,0.5
497.012,439.713,0.5
495.514,438.387,0.5
494.016,437.062,0.5
492.518,435.737,0.5
491.02,434.412,0.5
489.522,433.086,0.5
488.025,431.761,0.5
486.585,430.382,0.5
485.392,428.777,0.5
484.2,427.171,0.5
483.007,425.566,0.5
481.815,423.96,0.5
480.678,422.319,0.5
479.749,420.548,0.5
478.82,418.777,0.5
477.891,417.006,0.5
476.962,415.235,0.5
476.187,413.401,0.5
475.621,411.483,0.5
475.055,409.565,0.5
474.489,407.646,0.5
473.924,405.728,0.5
473.553,403.774,0.5
473.403,401.78,0.5
473.252,399.785,0.5
473.102,397.791,0.5
472.997,395.799,0.5
473.339,393.828,0.5
473.681,391.858,0.5
474.022,389.887,0.5
474.63,387.982,0.5
475.248,386.081,0.5
475.867,384.179,0.5
476.636,382.34,0.5
477.56,380.566,0.5
478.484,378.792,0.5
479.425,377.029,0.5
480.511,375.349,0.5
481.597,373.67,0.5
482.683,371.99,0.5
483.976,370.466,0.5
485.287,368.956,0.5
486.599,367.446,0.5
487.976,365.998,0.5
489.403,364.596,0.5
490.829,363.194,0.5
492.255,361.792,0.5
493.966,360.757,0.5
495.679,359.725,0.5
497.392,358.693,0.5
499.11,357.669,0.5
500.843,356.67,0.5
502.575,355.67,0.5
504.307,354.671,0.5
506.04,353.672,0.5
507.799,352.721,0.5
509.574,351.8,0.5
511.35,350.879,0.5
513.125,349.958,0.5
514.9,349.037,0.5
516.676,348.116,0.5
518.482,347.268,0.5
520.377,346.63,0.5
522.273,345.993,0.5
524.169,345.355,0.5
526.064,344.718,0.5
527.992,344.188,0.5
529.931,343.699,0.5
531.87,343.209,0.5
533.809,342.719,0.5
535.763,342.294,0.5
537.72,341.879,0.5
539.678,341.473,0.5
541.652,341.152,0.5
543.626,340.83,0.5
545.6,340.509,0.5
547.574,340.188,0.5
549.548,339.867,0.5
551.533,339.624,0.5
553.519,339.386,0.5
555.505,339.148,0.5
557.491,338.91,0.5
559.487,338.888,0.5
561.487,338.923,0.5
563.487,338.958,0.5
565.486,338.993,0.5
567.483,339.058,0.5
569.448,339.43,0.5
571.414,339.801,0.5
573.379,340.172,0.5
575.344,340.543,0.5
577.309,340.914,0.5
579.251,341.392,0.5
581.184,341.902,0.5
583.118,342.412,0.5
585.052,342.922,0.5
586.986,343.433,0.5
588.896,344.012,0.5
590.737,344.794,0.5
592.578,345.575,0.5
594.419,346.356,0.5
596.26,347.138,0.5
598.101,347.919,0.5
599.942,348.7,0.5
601.695,349.655,0.5
603.414,350.677,0.5
605.133,351.7,0.5
606.852,352.722,0.5
608.541,353.793,0.5
610.217,354.884,0.5
611.893,355.975,0.5
613.558,357.084,0.5
615.203,358.22,0.5
616.849,359.357,0.5
618.495,360.493,0.5
620.088,361.699,0.5
621.615,362.99,0.5
623.142,364.282,0.5
624.669,365.573,0.5
626.196,366.865,0.5
627.673,368.211,0.5
629.086,369.626,0.5
630.499,371.041,0.5
631.913,372.456,0.5
633.326,373.872,0.5
634.725,375.3,0.5
636.068,376.782,0.5
637.411,378.265,0.5
638.754,379.747,0.5
640.096,381.229,0.5
641.439,382.711,0.5
642.782,384.193,0.5
644.125,385.675,0.5
645.468,387.157,0.5
646.811,388.64,0.5
648.154,390.122,0.5
649.402,391.684,0.5
650.645,393.251,0.5
651.888,394.818,0.5
653.13,396.385,0.5
654.373,397.952,0.5
655.616,399.519,0.5
656.776,401.147,0.5
657.914,402.792,0.5
659.053,404.436,0.5
660.192,406.08,0.5
661.33,407.725,0.5
662.469,409.369,0.5
663.607,411.013,0.5
664.746,412.657,0.5
665.884,414.302,0.5
667.023,415.946,0.5
668.161,417.59,0.5
669.114,419.346,0.5
670.032,421.123,0.5
670.95,422.9,0.5
671.867,424.677,0.5
672.785,426.454,0.5
673.703,428.231,0.5
674.621,430.008,0.5
675.539,431.785,0.5
676.395,433.592,0.5
677.218,435.415,0.5
678.04,437.238,0.5
678.862,439.061,0.5
679.685,440.884,0.5
680.507,442.707,0.5
681.33,444.53,0.5
682.152,446.353,0.5
682.927,448.197,0.5
683.688,450.047,0.5
684.448,451.896,0.5
685.209,453.746,0.5
685.97,455.596,0.5
686.731,457.445,0.5
687.492,459.295,0.5
688.253,461.144,0.5
689.013,462.994,0.5
689.774,464.844,0.5
690.535,466.693,0.5
691.33,468.528,0.5
692.144,470.355,0.5
692.958,472.182,0.5
693.773,474.009,0.5
694.587,475.835,0.5
695.401,477.662,0.5
696.216,479.489,0.5
697.03,481.315,0.5
697.844,483.142,0.5
698.658,484.969,0.5
699.51,486.778,0.5
700.394,488.572,0.5
701.278,490.366,0.5
702.163,492.16,0.5
703.047,493.954,0.5
703.931,495.748,0.5
704.815,497.542,0.5
705.702,499.334,0.5
706.6,501.121,0.5
707.499,502.908,0.5
708.397,504.695,0.5
709.295,506.482,0.5
710.193,508.269,0.5
711.092,510.056,0.5
712.017,511.828,0.5
713.021,513.558,0.5
714.024,515.288,0.5
715.028,517.018,0.5
716.031,518.748,0.5
717.034,520.478,0.5
718.121,522.155,0.5
719.268,523.793,0.5
720.416,525.431,0.5
721.564,527.069,0.5
722.711,528.707,0.5
723.859,530.345,0.5
725.006,531.983,0.5
726.155,533.621,0.5
727.304,535.258,0.5
728.453,536.895,0.5
729.602,538.532,0.5
730.751,540.169,0.5
731.9,541.806,0.5
733.049,543.443,0.5
734.235,545.052,0.5
735.487,546.612,0.5
736.738,548.172,0.5
737.989,549.732,0.5
739.25,551.285,0.5
740.58,552.778,0.5
741.91,554.272,0.5
743.24,555.766,0.5
744.57,557.26,0.5
745.9,558.753,0.5
747.269,560.21,0.5
748.671,561.636,0.5
750.073,563.062,0.5
751.488,564.476,0.5
752.909,565.884,0.5
754.329,567.292,0.5
755.749,568.7,0.5
757.17,570.108,0.5
758.59,571.516,0.5
760.122,572.802,0.5
761.662,574.077,0.5
763.202,575.353,0.5
764.743,576.629,0.5
766.283,577.904,0.5
767.865,579.123,0.5
769.56,580.183,0.5
771.256,581.244,0.5
772.952,582.304,0.5
774.647,583.365,0.5
776.343,584.425,0.5
778.062,585.445,0.5
779.84,586.361,0.5
781.618,587.276,0.5
783.396,588.192,0.5
785.174,589.108,0.5
786.952,590.023,0.5
788.731,590.939,0.5
790.509,591.854,0.5
792.322,592.697,0.5
794.151,593.504,0.5
795.981,594.312,0.5
797.811,595.119,0.5
799.64,595.927,0.5
801.47,596.735,0.5
803.385,597.3,0.5
805.317,597.82,0.5
807.248,598.34,0.5
809.179,598.859,0.5
811.111,599.379,0.5
813.042,599.899,0.5
814.981,600.383,0.5
816.942,600.777,0.5
818.903,601.171,0.5
820.864,601.565,0.5
822.825,601.959,0.5
824.786,602.353,0.5
826.751,602.704,0.5
828.75,602.782,0.5
830.748,602.86,0.5
832.747,602.937,0.5
834.745,603.015,0.5
836.744,603.081,0.5
838.743,603.015,0.5
840.742,602.95,0.5
842.741,602.884,0.5
844.74,602.819,0.5
846.739,602.753,0.5
848.727,602.538,0.5
850.715,602.322,0.5
852.703,602.106,0.5
854.692,601.89,0.5
856.669,601.603,0.5
858.634,601.226,0.5
860.598,600.85,0.5
862.562,600.474,0.5
864.511,600.029,0.5
866.439,599.498,0.5
868.367,598.968,0.5
870.296,598.437,0.5
872.224,597.907,0.5
874.075,597.16,0.5
875.9,596.344,0.5
877.726,595.527,0.5
879.552,594.711,0.5
881.378,593.894,0.5
883.204,593.078,0.5
884.981,592.164,0.5
886.733,591.2,0.5
888.485,590.235,0.5
890.237,589.27,0.5
891.988,588.305,0.5
893.682,587.241,0.5
895.368,586.166,0.5
897.055,585.092,0.5
898.685,583.934,0.5
900.3,582.754,0.5
901.915,581.575,0.5
903.531,580.395,0.5
905.095,579.151,0.5
906.621,577.859,0.5
908.148,576.567,0.5
909.674,575.275,0.5
911.026,573.802,0.5
912.364,572.315,0.5
913.701,570.829,0.5
915.039,569.342,0.5
916.377,567.855,0.5
917.715,566.368,0.5
919.052,564.882,0.5
920.292,563.313,0.5
921.509,561.726,0.5
922.725,560.139,0.5
923.942,558.551,0.5
925.009,556.86,0.5
926.065,555.162,0.5
927.121,553.464,0.5
928.087,551.713,0.5
929.025,549.947,0.5
929.963,548.18,0.5
930.901,546.414,0.5
931.839,544.647,0.5
932.704,542.848,0.5
933.41,540.977,0.5
934.117,539.106,0.5
934.823,537.235,0.5
935.53,535.364,0.5
936.236,533.493,0.5
936.943,531.622,0.5
937.53,529.713,0.5
938.016,527.773,0.5
938.501,525.833,0.5
938.986,523.893,0.5
939.472,521.952,0.5
939.957,520.012,0.5
940.443,518.072,0.5
940.928,516.132,0.5
941.413,514.192,0.5
941.849,512.24,0.5
942.233,510.278,0.5
942.617,508.315,0.5
943.002,506.352,0.5
943.386,504.389,0.5
943.712,502.418,0.5
943.941,500.431,0.5
944.17,498.444,0.5
944.398,496.457,0.5
944.627,494.47,0.5
944.738,492.474,0.5
944.819,490.476,0.5
944.899,488.477,0.5
944.979,486.479,0.5
945.06,484.481,0.5
945.14,482.482,0.5
945.166,480.484,0.5
945.063,478.487,0.5
944.96,476.489,0.5
944.856,474.492,0.5
944.69,472.5,0.5
944.458,470.514,0.5
944.227,468.527,0.5
943.976,466.544,0.5
943.549,464.59,0.5
943.123,462.636,0.5
942.696,460.682,0.5
942.183,458.752,0.5
941.546,456.856,0.5
940.909,454.96,0.5
940.272,453.064,0.5
939.635,451.168,0.5
938.998,449.273,0.5
938.361,447.377,0.5
937.724,445.481,0.5
936.869,443.674,0.5
935.99,441.878,0.5
935.11,440.082,0.5
934.231,438.286,0.5
933.351,436.489,0.5
932.187,434.87,0.5
930.966,433.286,0.5
929.744,431.703,0.5
928.522,430.119,0.5
927.301,428.536,0.5
925.949,427.078,0.5
924.414,425.795,0.5
922.879,424.513,0.5
921.344,423.231,0.5
919.767,422.001,0.5
918.187,420.775,0.5
916.606,419.55,0.5
915.025,418.324,0.5
913.445,417.099,0.5
911.864,415.874,0.5
910.284,414.648,0.5
908.816,413.294,0.5
907.396,411.886,0.5
905.976,410.477,0.5
904.556,409.068,0.5
903.137,407.66,0.5
901.81,406.167,0.5
900.553,404.612,0.5
899.296,403.056,0.5
898.038,401.501,0.5
896.848,399.902,0.5
895.932,398.124,0.5
895.015,396.346,0.5
894.099,394.568,0.5
893.182,392.791,0.5
892.368,390.971,0.5
891.756,389.067,0.5
891.144,387.163,0.5
890.531,385.259,0.5
889.968,383.343,0.5
889.664,381.367,0.5
889.361,379.39,0.5
889.058,377.413,0.5
888.769,375.435,0.5
888.755,373.435,0.5
888.741,371.435,0.5
888.727,369.435,0.5
888.712,367.435,0.5
888.916,365.464,0.5
889.459,363.539,0.5
890.001,361.614,0.5
890.543,359.689,0.5
891.323,357.85,0.5
892.133,356.021,0.5
892.942,354.192,0.5
893.819,352.403,0.5
895.034,350.815,0.5
896.25,349.227,0.5
897.466,347.639,0.5
898.682,346.051,0.5
899.909,344.473,0.5
901.415,343.157,0.5
902.92,341.84,0.5
904.426,340.524,0.5
905.932,339.207,0.5
907.468,337.932,0.5
909.157,336.862,0.5
910.847,335.791,0.5
912.537,334.721,0.5
914.226,333.651,0.5
915.916,332.581,0.5
917.671,331.627,0.5
919.46,330.733,0.5
921.249,329.839,0.5
923.038,328.945,0.5
924.827,328.051,0.5
926.688,327.323,0.5
928.564,326.629,0.5
930.44,325.935,0.5
932.316,325.241,0.5
934.225,324.666,0.5
936.186,324.276,0.5
938.148,323.886,0.5
940.11,323.497,0.5
942.071,323.107,0.5
944.033,322.717,0.5
946.017,322.49,0.5
948.011,322.34,0.5
950.006,322.19,0.5
784.023,564.844,0.55
782.276,563.876,0.55
780.689,562.659,0.55
779.103,561.441,0.55
777.516,560.224,0.55
775.929,559.007,0.55
774.342,557.789,0.55
772.87,556.443,0.55
771.474,555.01,0.55
770.078,553.578,0.55
768.682,552.146,0.55
767.286,550.713,0.55
765.891,549.281,0.55
764.507,547.837,0.55
763.156,546.362,0.55
761.806,544.887,0.55
760.455,543.412,0.55
759.104,541.937,0.55
757.97,540.297,0.55
756.905,538.604,0.55
755.84,536.911,0.55
754.776,535.218,0.55
753.711,533.525,0.55
752.719,531.789,0.55
751.738,530.046,0.55
750.757,528.303,0.55
749.844,526.528,0.55
749.148,524.654,0.55
748.451,522.779,0.55
747.774,520.898,0.55
747.328,518.949,0.55
746.883,516.999,0.55
746.615,515.028,0.55
746.599,513.028,0.55
746.583,511.029,0.55
746.697,509.041,0.55
747.099,507.082,0.55
747.506,505.124,0.55
747.976,503.18,0.55
748.447,501.236,0.55
748.917,499.292,0.55
749.585,497.421,0.55
750.487,495.636,0.55
751.388,493.85,0.55
752.289,492.065,0.55
753.526,490.496,0.55
754.782,488.94,0.55
756.038,487.383,0.55
757.443,485.971,0.55
758.959,484.667,0.55
760.475,483.362,0.55
762.208,482.419,0.55
764.071,481.692,0.55
765.935,480.965,0.55
767.815,480.286,0.55
769.717,479.668,0.55
771.623,479.063,0.55
773.578,478.644,0.55
775.534,478.225,0.55
777.49,477.806,0.55
779.481,477.668,0.55
781.479,477.589,0.55
783.477,477.509,0.55
785.477,477.53,0.55
787.477,477.555,0.55
789.459,477.777,0.55
791.432,478.105,0.55
793.403,478.442,0.55
795.355,478.881,0.55
797.306,479.319,0.55
799.2,479.951,0.55
801.076,480.645,0.55
802.928,481.394,0.55
804.729,482.263,0.55
806.531,483.133,0.55
808.267,484.117,0.55
809.943,485.208,0.55
811.619,486.299,0.55
813.29,487.398,0.55
814.958,488.502,0.55
816.625,489.607,0.55
818.231,490.798,0.55
819.822,492.01,0.55
821.412,493.223,0.55
823.003,494.435,0.55
824.502,495.754,0.55
825.941,497.143,0.55
827.381,498.531,0.55
828.793,499.945,0.55
830.089,501.468,0.55
831.385,502.992,0.55
832.682,504.515,0.55
833.98,506.036,0.55
835.281,507.555,0.55
836.582,509.074,0.55
837.883,510.593,0.55
839.18,512.116,0.55
840.377,513.718,0.55
841.574,515.32,0.55
842.772,516.922,0.55
843.969,518.524,0.55
845.103,520.17,0.55
846.209,521.837,0.55
847.314,523.503,0.55
848.256,525.257,0.55
849.014,527.108,0.55
849.772,528.958,0.55
850.531,530.809,0.55
851.289,532.66,0.55
851.893,534.565,0.55
852.48,536.477,0.55
853.066,538.389,0.55
853.204,540.366,0.55
853.184,542.366,0.55
853.164,544.366,0.55
853.143,546.366,0.55
852.826,548.331,0.55
852.384,550.282,0.55
851.943,552.233,0.55
851.45,554.169,0.55
850.794,556.058,0.55
850.095,557.928,0.55
849.143,559.687,0.55
848.191,561.446,0.55
847.13,563.132,0.55
845.867,564.683,0.55
844.605,566.234,0.55
843.204,567.655,0.55
841.734,569.011,0.55
840.168,570.251,0.55
838.548,571.423,0.55
836.927,572.594,0.55
835.228,573.618,0.55
833.344,574.29,0.55
831.461,574.962,0.55
829.577,575.634,0.55
827.691,576.297,0.55
825.707,576.552,0.55
823.724,576.807,0.55
821.74,577.062,0.55
819.756,577.317,0.55
817.772,577.083,0.55
815.788,576.829,0.55
813.805,576.576,0.55
811.821,576.323,0.55
809.837,576.07,0.55
807.879,575.684,0.55
805.945,575.172,0.55
804.012,574.66,0.55
802.079,574.148,0.55
800.145,573.636,0.55
798.321,572.856,0.55
796.576,571.877,0.55
794.832,570.899,0.55
793.088,569.92,0.55
791.344,568.941,0.55
789.6,567.962,0.55
787.856,566.984,0.55
786.111,566.005,0.55
34.9,455.634,0.6
36.703,456.499,0.6
38.506,457.363,0.6
40.31,458.228,0.6
42.113,459.093,0.6
43.916,459.958,0.6
45.72,460.821,0.6
47.566,461.591,0.6
49.412,462.36,0.6
51.258,463.13,0.6
53.105,463.9,0.6
54.951,464.669,0.6
56.823,465.366,0.6
58.726,465.981,0.6
60.629,466.596,0.6
62.533,467.212,0.6
64.436,467.827,0.6
66.339,468.442,0.6
68.256,469.008,0.6
70.186,469.532,0.6
72.117,470.056,0.6
74.047,470.58,0.6
75.977,471.104,0.6
77.907,471.628,0.6
79.837,472.152,0.6
81.767,472.676,0.6
83.705,473.164,0.6
85.676,473.507,0.6
87.646,473.85,0.6
89.616,474.193,0.6
91.597,474.458,0.6
93.589,474.642,0.6
95.58,474.826,0.6
97.576,474.908,0.6
99.576,474.885,0.6
101.575,474.849,0.6
103.567,474.67,0.6
105.559,474.491,0.6
107.519,474.123,0.6
109.459,473.637,0.6
111.364,473.036,0.6
113.25,472.37,0.6
115.11,471.649,0.6
116.818,470.609,0.6
118.527,469.57,0.6
119.976,468.197,0.6
121.401,466.794,0.6
122.72,465.306,0.6
123.765,463.601,0.6
124.81,461.896,0.6
125.498,460.029,0.6
126.085,458.117,0.6
126.591,456.189,0.6
126.815,454.201,0.6
127.038,452.214,0.6
127.242,450.226,0.6
127.04,448.236,0.6
126.838,446.247,0.6
126.513,444.282,0.6
125.92,442.372,0.6
125.327,440.462,0.6
124.408,438.688,0.6
123.462,436.926,0.6
122.515,435.164,0.6
121.569,433.403,0.6
120.4,431.791,0.6
119.12,430.254,0.6
117.841,428.716,0.6
116.442,427.288,0.6
115.028,425.874,0.6
113.613,424.46,0.6
112.077,423.199,0.6
110.378,422.145,0.6
108.679,421.09,0.6
106.979,420.035,0.6
105.279,418.982,0.6
103.531,418.011,0.6
101.783,417.04,0.6
100.034,416.069,0.6
98.286,415.097,0.6
96.456,414.292,0.6
94.614,413.515,0.6
92.771,412.737,0.6
90.928,411.96,0.6
89.086,411.183,0.6
87.242,410.406,0.6
85.393,409.646,0.6
83.543,408.886,0.6
81.693,408.125,0.6
79.843,407.365,0.6
77.993,406.604,0.6
76.139,405.858,0.6
74.214,405.314,0.6
72.29,404.769,0.6
70.365,404.225,0.6
68.441,403.68,0.6
66.516,403.136,0.6
64.592,402.591,0.6
62.658,402.085,0.6
60.698,401.688,0.6
58.738,401.291,0.6
56.778,400.894,0.6
54.817,400.497,0.6
52.857,400.1,0.6
50.9,399.688,0.6
48.95,399.244,0.6
260.622,577.014,0.55
258.921,575.961,0.55
257.221,574.908,0.55
255.52,573.856,0.55
253.82,572.803,0.55
252.119,571.75,0.55
250.419,570.698,0.55
248.718,569.645,0.55
247.018,568.592,0.55
245.317,567.539,0.55
243.617,566.487,0.55
241.916,565.434,0.55
240.216,564.381,0.55
238.515,563.328,0.55
236.815,562.276,0.55
235.114,561.223,0.55
233.414,560.17,0.55
231.713,559.118,0.55
229.998,558.089,0.55
228.261,557.098,0.55
226.523,556.108,0.55
224.785,555.118,0.55
223.048,554.128,0.55
221.31,553.138,0.55
219.572,552.148,0.55
217.835,551.158,0.55
216.097,550.167,0.55
214.359,549.177,0.55
212.621,548.187,0.55
210.884,547.197,0.55
209.146,546.207,0.55
207.408,545.217,0.55
205.668,544.231,0.55
203.927,543.247,0.55
202.186,542.263,0.55
200.444,541.279,0.55
198.703,540.295,0.55
196.962,539.311,0.55
195.221,538.327,0.55
193.48,537.343,0.55
191.738,536.359,0.55
189.997,535.375,0.55
188.256,534.391,0.55
186.505,533.426,0.55
184.745,532.475,0.55
182.986,531.524,0.55
181.226,530.573,0.55
179.467,529.622,0.55
177.707,528.671,0.55
175.948,527.721,0.55
174.188,526.77,0.55
172.428,525.819,0.55
170.669,524.868,0.55
168.909,523.917,0.55
167.15,522.967,0.55
165.39,522.016,0.55
163.631,521.065,0.55
161.871,520.114,0.55
160.112,519.163,0.55
158.35,518.216,0.55
156.584,517.278,0.55
154.817,516.341,0.55
153.051,515.403,0.55
151.284,514.465,0.55
149.518,513.527,0.55
147.751,512.589,0.55
145.985,511.652,0.55
144.218,510.714,0.55
142.43,509.819,0.55
140.63,508.946,0.55
138.831,508.073,0.55
137.032,507.2,0.55
135.232,506.327,0.55
133.433,505.454,0.55
131.633,504.581,0.55
129.834,503.709,0.55
128.034,502.836,0.55
126.235,501.963,0.55
124.379,501.22,0.55
122.511,500.505,0.55
120.643,499.791,0.55
118.775,499.077,0.55
116.907,498.362,0.55
115.039,497.648,0.55
113.171,496.934,0.55
111.306,496.211,0.55
109.442,495.485,0.55
107.579,494.758,0.55
105.715,494.032,0.55
103.852,493.306,0.55
101.989,492.579,0.55
100.125,491.853,0.55
98.262,491.127,0.55
96.398,490.4,0.55
94.512,489.738,0.55
92.617,489.096,0.55
90.723,488.454,0.55
88.829,487.812,0.55
86.935,487.169,0.55
85.041,486.527,0.55
83.147,485.885,0.55
81.253,485.243,0.55
79.359,484.601,0.55
77.464,483.959,0.55
75.545,483.402,0.55
73.608,482.904,0.55
71.671,482.407,0.55
69.734,481.909,0.55
67.796,481.412,0.55
65.859,480.914,0.55
63.924,480.41,0.55
61.993,479.89,0.55
60.062,479.369,0.55
58.131,478.849,0.55
56.2,478.329,0.55
54.268,477.808,0.55
52.337,477.289,0.55
50.391,476.826,0.55
48.446,476.363,0.55
262.7,548.756,0.6
261.009,547.688,0.6
259.308,546.635,0.6
257.608,545.582,0.6
255.908,544.529,0.6
254.207,543.477,0.6
252.507,542.424,0.6
250.806,541.371,0.6
249.106,540.318,0.6
247.405,539.265,0.6
245.705,538.212,0.6
244.075,537.057,0.6
242.488,535.839,0.6
240.902,534.622,0.6
239.315,533.405,0.6
237.728,532.188,0.6
236.141,530.97,0.6
234.554,529.753,0.6
232.984,528.519,0.6
231.752,526.944,0.6
230.52,525.368,0.6
229.288,523.792,0.6
228.256,522.09,0.6
227.352,520.306,0.6
226.448,518.522,0.6
225.544,516.738,0.6
225.193,514.782,0.6
224.932,512.799,0.6
224.67,510.817,0.6
224.408,508.834,0.6
224.9,506.899,0.6
225.409,504.965,0.6
226.331,503.258,0.6
227.695,501.795,0.6
229.059,500.333,0.6
230.87,499.508,0.6
232.711,498.726,0.6
234.552,497.944,0.6
236.432,497.329,0.6
238.428,497.196,0.6
240.423,497.063,0.6
242.419,496.93,0.6
244.415,496.797,0.6
246.41,496.664,0.6
248.379,496.848,0.6
250.323,497.317,0.6
252.267,497.786,0.6
254.211,498.255,0.6
256.127,498.827,0.6
258.032,499.435,0.6
259.937,500.044,0.6
261.842,500.653,0.6
263.748,501.261,0.6
265.628,501.934,0.6
267.455,502.749,0.6
269.281,503.563,0.6
271.108,504.377,0.6
272.935,505.192,0.6
274.762,506.006,0.6
276.588,506.82,0.6
278.415,507.635,0.6
280.21,508.514,0.6
281.988,509.431,0.6
283.766,510.347,0.6
285.544,511.263,0.6
287.321,512.18,0.6
289.099,513.096,0.6
290.864,514.035,0.6
292.571,515.077,0.6
294.279,516.118,0.6
295.986,517.16,0.6
297.693,518.202,0.6
299.401,519.243,0.6
301.108,520.285,0.6
302.759,521.409,0.6
304.343,522.63,0.6
305.927,523.851,0.6
307.511,525.072,0.6
309.095,526.293,0.6
310.657,527.539,0.6
312.059,528.965,0.6
313.462,530.391,0.6
314.864,531.817,0.6
316.266,533.243,0.6
317.669,534.668,0.6
318.952,536.197,0.6
320.158,537.793,0.6
321.364,539.389,0.6
322.569,540.984,0.6
323.251,542.854,0.6
323.873,544.755,0.6
324.495,546.656,0.6
324.865,548.597,0.6
324.865,550.597,0.6
324.865,552.597,0.6
324.6,554.561,0.6
324.078,556.492,0.6
323.372,558.311,0.6
321.902,559.667,0.6
320.408,560.983,0.6
318.521,561.647,0.6
316.634,562.31,0.6
314.747,562.974,0.6
312.8,563.374,0.6
310.813,563.599,0.6
308.826,563.824,0.6
306.838,563.882,0.6
304.85,563.666,0.6
302.861,563.45,0.6
300.924,562.998,0.6
299.023,562.375,0.6
297.122,561.753,0.6
295.222,561.131,0.6
293.303,560.568,0.6
291.381,560.012,0.6
289.46,559.457,0.6
287.539,558.901,0.6
285.618,558.345,0.6
283.696,557.789,0.6
281.775,557.234,0.6
279.92,556.496,0.6
278.09,555.689,0.6
276.26,554.882,0.6
274.43,554.075,0.6
272.6,553.268,0.6
270.77,552.461,0.6
268.94,551.655,0.6
267.11,550.848,0.6
265.28,550.041,0.6
402.581,624.904,0.5
403.64,623.207,0.5
404.698,621.51,0.5
405.756,619.813,0.5
406.947,618.211,0.5
408.219,616.667,0.5
409.49,615.123,0.5
410.761,613.579,0.5
412.032,612.035,0.5
413.371,610.559,0.5
414.928,609.304,0.5
416.486,608.05,0.5
418.043,606.795,0.5
419.605,605.546,0.5
421.281,604.455,0.5
422.958,603.365,0.5
424.686,602.37,0.5
426.517,601.565,0.5
428.348,600.76,0.5
430.218,600.063,0.5
432.135,599.492,0.5
434.052,598.921,0.5
436.038,598.745,0.5
438.035,598.625,0.5
440.031,598.505,0.5
442.028,598.384,0.5
444.025,598.355,0.5
446.024,598.42,0.5
448.023,598.484,0.5
450.012,598.629,0.5
451.967,599.05,0.5
453.922,599.472,0.5
455.848,599.999,0.5
457.742,600.643,0.5
459.635,601.287,0.5
461.367,602.275,0.5
463.073,603.319,0.5
464.779,604.363,0.5
466.301,605.653,0.5
467.786,606.993,0.5
469.27,608.333,0.5
470.755,609.673,0.5
472.18,611.073,0.5
473.527,612.551,0.5
474.875,614.03,0.5
476.222,615.508,0.5
477.514,617.032,0.5
478.737,618.614,0.5
479.961,620.197,0.5
481.184,621.779,0.5
482.319,623.423,0.5
483.405,625.103,0.5
484.491,626.782,0.5
485.577,628.462,0.5
486.526,630.217,0.5
487.368,632.031,0.5
488.211,633.845,0.5
489.005,635.679,0.5
489.693,637.557,0.5
490.381,639.435,0.5
491.069,641.313,0.5
491.757,643.191,0.5
492.357,645.098,0.5
492.921,647.017,0.5
493.484,648.936,0.5
494.047,650.855,0.5
494.547,652.79,0.5
495.003,654.738,0.5
495.459,656.685,0.5
495.915,658.632,0.5
496.371,660.58,0.5
496.745,662.543,0.5
497.038,664.521,0.5
497.332,666.499,0.5
497.625,668.478,0.5
497.898,670.459,0.5
498.086,672.45,0.5
498.274,674.441,0.5
498.463,676.432,0.5
498.651,678.423,0.5
498.839,680.414,0.5
498.931,682.41,0.5
498.954,684.41,0.5
498.977,686.41,0.5
358.135,586.022,0.55
358.473,584.051,0.55
358.811,582.08,0.55
359.149,580.109,0.55
359.487,578.137,0.55
359.825,576.166,0.55
360.162,574.195,0.55
360.5,572.224,0.55
360.937,570.275,0.55
361.495,568.355,0.55
362.054,566.434,0.55
362.612,564.514,0.55
363.171,562.593,0.55
363.729,560.673,0.55
364.287,558.752,0.55
364.959,556.875,0.55
365.823,555.071,0.55
366.687,553.267,0.55
367.551,551.464,0.55
368.415,549.66,0.55
369.436,547.947,0.55
370.57,546.299,0.55
371.703,544.652,0.55
373.19,543.323,0.55
374.714,542.027,0.55
376.248,540.747,0.55
377.929,539.662,0.55
379.609,538.578,0.55
381.4,537.741,0.55
383.329,537.213,0.55
385.258,536.685,0.55
387.187,536.157,0.55
389.148,535.849,0.55
391.148,535.818,0.55
393.147,535.787,0.55
395.147,535.756,0.55
397.147,535.725,0.55
399.147,535.694,0.55
401.14,535.791,0.55
403.128,536.01,0.55
405.116,536.229,0.55
407.104,536.448,0.55
409.092,536.667,0.55
411.08,536.886,0.55
413.038,537.275,0.55
414.978,537.76,0.55
416.918,538.245,0.55
418.859,538.729,0.55
420.792,539.241,0.55
422.705,539.822,0.55
424.619,540.404,0.55
426.533,540.985,0.55
428.446,541.566,0.55
430.345,542.192,0.55
432.218,542.892,0.55
434.092,543.592,0.55
435.966,544.291,0.55
437.839,544.991,0.55
439.713,545.691,0.55
441.587,546.39,0.55
443.46,547.09,0.55
445.334,547.79,0.55
447.204,548.497,0.55
449.024,549.326,0.55
450.845,550.155,0.55
452.665,550.984,0.55
454.481,551.821,0.55
456.242,552.768,0.55
458.004,553.715,0.55
459.765,554.662,0.55
461.527,555.61,0.55
463.288,556.557,0.55
465.049,557.504,0.55
466.811,558.452,0.55
468.532,559.468,0.55
470.225,560.533,0.55
471.919,561.597,0.55
473.612,562.661,0.55
475.305,563.725,0.55
476.909,564.903,0.55
478.328,566.312,0.55
479.748,567.721,0.55
481.167,569.129,0.55
482.587,570.538,0.55
484.006,571.947,0.55
485.425,573.356,0.55
486.845,574.765,0.55
488.264,576.174,0.55
489.517,577.728,0.55
490.722,579.325,0.55
491.927,580.921,0.55
493.132,582.517,0.55
494.337,584.114,0.55
495.549,585.704,0.55
496.813,587.255,0.55
498.076,588.805,0.55
499.34,590.355,0.55
500.603,591.906,0.55
501.647,593.599,0.55
502.55,595.383,0.55
503.453,597.168,0.55
504.356,598.953,0.55
505.252,600.74,0.55
505.901,602.632,0.55
506.55,604.523,0.55
507.199,606.415,0.55
507.849,608.307,0.55
508.498,610.199,0.55
509.147,612.09,0.55
509.796,613.982,0.55
510.446,615.874,0.55
511.095,617.765,0.55
511.744,619.657,0.55
512.393,621.549,0.55
513.034,623.443,0.55
513.649,625.346,0.55
514.264,627.25,0.55
514.879,629.153,0.55
515.494,631.056,0.55
516.043,632.978,0.55
516.554,634.912,0.55
517.065,636.845,0.55
517.575,638.779,0.55
518.031,640.726,0.55
518.433,642.685,0.55
518.834,644.644,0.55
519.235,646.604,0.55
519.636,648.563,0.55
520.037,650.522,0.55
520.438,652.482,0.55
520.839,654.441,0.55
521.24,656.401,0.55
521.519,658.379,0.55
521.738,660.367,0.55
521.958,662.355,0.55
522.177,664.343,0.55
522.396,666.331,0.55
522.615,668.319,0.55
522.834,670.307,0.55
523.028,672.297,0.55
523.197,674.29,0.55
523.366,676.283,0.55
523.535,678.276,0.55
523.704,680.269,0.55
523.873,682.261,0.55
524.042,684.254,0.55
524.211,686.247,0.55
