267.212,576.814,45
265.613,575.613,45
264.013,574.413,45
262.414,573.212,45
260.814,572.011,45
259.215,570.81,45
257.615,569.61,45
256.016,568.409,45
254.416,567.208,45
252.817,566.008,45
251.214,564.811,45
249.612,563.615,45
248.009,562.418,45
246.407,561.221,45
244.804,560.025,45
243.202,558.828,45
241.599,557.631,45
239.99,556.444,45
238.315,555.352,45
236.639,554.259,45
234.964,553.167,45
233.288,552.075,45
231.613,550.983,45
229.937,549.891,45
228.262,548.799,45
226.588,547.705,45
224.914,546.61,45
223.24,545.516,45
221.566,544.421,45
219.892,543.327,45
218.218,542.232,45
216.544,541.138,45
214.903,539.995,45
213.267,538.844,45
211.632,537.692,45
209.996,536.541,45
208.361,535.39,45
206.725,534.239,45
205.09,533.088,45
203.454,531.937,45
201.819,530.786,45
200.183,529.634,45
198.548,528.483,45
196.896,527.357,45
195.225,526.258,45
193.554,525.158,45
191.883,524.059,45
190.212,522.96,45
188.518,521.898,45
186.789,520.893,45
185.06,519.888,45
183.331,518.883,45
181.601,517.878,45
179.872,516.874,45
178.126,515.899,45
176.37,514.942,45
174.614,513.985,45
172.858,513.027,45
171.102,512.07,45
169.346,511.113,45
167.668,510.025,45
165.991,508.935,45
164.314,507.845,45
162.637,506.755,45
160.96,505.665,45
159.283,504.575,45
157.606,503.485,45
155.93,502.395,45
154.232,501.339,45
152.488,500.361,45
150.743,499.383,45
148.998,498.405,45
147.254,497.427,45
145.509,496.45,45
143.759,495.482,45
141.996,494.538,45
140.233,493.593,45
138.47,492.649,45
136.707,491.705,45
134.939,490.769,45
133.159,489.856,45
131.38,488.943,45
129.601,488.03,45
127.821,487.117,45
126.042,486.204,45
124.262,485.291,45
122.45,484.449,45
120.61,483.663,45
118.771,482.878,45
116.931,482.093,45
115.092,481.308,45
113.253,480.523,45
111.413,479.737,45
109.574,478.952,45
107.692,478.278,45
105.8,477.628,45
103.909,476.977,45
102.018,476.326,45
100.127,475.675,45
98.252,474.978,45
96.38,474.275,45
94.506,473.576,45
92.62,472.91,45
90.734,472.245,45
88.848,471.58,45
86.938,470.993,45
85.006,470.476,45
83.073,469.96,45
81.141,469.443,45
79.209,468.926,45
77.251,468.528,45
75.28,468.19,45
73.309,467.853,45
71.337,467.515,45
69.366,467.178,45
67.395,466.84,45
65.423,466.503,45
63.441,466.242,45
61.457,465.985,45
59.474,465.728,45
57.49,465.472,45
55.507,465.215,45
53.516,465.022,45
51.525,464.832,45
49.534,464.642,45
47.547,464.414,45
45.561,464.183,45
43.574,463.953,45
155.196,377.669,45
157.157,377.277,45
159.145,377.056,45
161.132,376.835,45
163.123,376.649,45
165.122,376.588,45
167.121,376.526,45
169.12,376.465,45
171.117,376.476,45
173.113,376.616,45
175.108,376.756,45
177.103,376.895,45
179.079,377.18,45
181.046,377.546,45
183.012,377.913,45
184.974,378.299,45
186.935,378.691,45
188.896,379.083,45
190.847,379.522,45
192.793,379.984,45
194.739,380.445,45
196.673,380.951,45
198.577,381.564,45
200.481,382.176,45
202.385,382.789,45
204.288,383.402,45
206.192,384.014,45
208.044,384.769,45
209.893,385.531,45
211.743,386.293,45
213.592,387.055,45
215.416,387.871,45
217.208,388.76,45
218.999,389.649,45
220.791,390.538,45
222.504,391.555,45
224.118,392.738,45
225.731,393.92,45
227.344,395.102,45
228.957,396.284,45
230.307,397.758,45
231.642,399.247,45
232.977,400.736,45
234.192,402.319,45
235.322,403.969,45
236.451,405.62,45
237.556,407.287,45
238.414,409.044,45
238.637,411.032,45
238.686,413.018,45
238.365,414.986,45
237.613,416.796,45
236.041,418.032,45
234.288,418.97,45
232.456,419.762,45
230.479,420.065,45
228.502,420.367,45
226.525,420.67,45
224.534,420.835,45
222.538,420.964,45
220.542,421.092,45
218.546,421.22,45
216.548,421.204,45
214.549,421.137,45
212.55,421.07,45
210.551,421.002,45
208.558,420.859,45
206.569,420.648,45
204.58,420.438,45
202.601,420.159,45
200.639,419.775,45
198.676,419.391,45
196.714,419.003,45
194.773,418.52,45
192.832,418.037,45
190.891,417.554,45
188.951,417.072,45
187.01,416.589,45
185.073,416.092,45
183.193,415.41,45
181.313,414.727,45
179.433,414.045,45
177.553,413.362,45
175.673,412.68,45
173.793,411.997,45
171.917,411.305,45
170.048,410.594,45
168.178,409.883,45
166.309,409.172,45
164.439,408.461,45
162.595,407.698,45
160.874,406.68,45
159.153,405.661,45
157.432,404.642,45
155.711,403.623,45
154.097,402.468,45
152.697,401.04,45
151.297,399.611,45
149.923,398.161,45
148.734,396.553,45
147.574,394.927,45
146.689,393.133,45
145.881,391.31,45
145.336,389.386,45
145.091,387.417,45
145.062,385.418,45
145.737,383.55,45
146.792,381.865,45
148.102,380.363,45
149.69,379.21,45
151.582,378.568,45
297.531,576.882,50
296.116,575.468,50
294.701,574.054,50
293.286,572.641,50
291.872,571.227,50
290.415,569.857,50
288.927,568.521,50
287.438,567.186,50
285.95,565.85,50
284.461,564.514,50
282.968,563.184,50
281.429,561.907,50
279.89,560.629,50
278.351,559.351,50
276.813,558.074,50
275.274,556.796,50
273.735,555.519,50
272.196,554.241,50
270.658,552.963,50
269.119,551.686,50
267.58,550.408,50
266.041,549.131,50
264.503,547.853,50
262.963,546.577,50
261.419,545.306,50
259.875,544.035,50
258.331,542.763,50
256.787,541.492,50
255.243,540.221,50
253.699,538.95,50
252.154,537.678,50
250.61,536.407,50
249.066,535.136,50
247.522,533.865,50
245.978,532.594,50
244.396,531.371,50
242.814,530.147,50
241.231,528.924,50
239.649,527.701,50
238.067,526.478,50
236.484,525.254,50
234.902,524.031,50
233.32,522.808,50
231.737,521.585,50
230.156,520.36,50
228.575,519.135,50
226.995,517.91,50
225.414,516.685,50
223.833,515.459,50
222.227,514.268,50
220.62,513.077,50
219.012,511.887,50
217.408,510.694,50
215.821,509.476,50
214.234,508.259,50
212.647,507.041,50
211.082,505.797,50
209.541,504.522,50
208,503.248,50
206.458,501.973,50
204.917,500.698,50
203.383,499.416,50
201.985,497.986,50
200.586,496.556,50
199.187,495.127,50
197.823,493.665,50
196.467,492.194,50
195.112,490.724,50
193.756,489.253,50
192.401,487.783,50
191.226,486.169,50
190.111,484.509,50
189.105,482.798,50
188.545,480.878,50
188.149,478.938,50
188.236,476.94,50
188.483,474.963,50
189.116,473.086,50
190.172,471.405,50
191.627,470.033,50
193.166,468.773,50
194.896,467.769,50
196.641,466.801,50
198.549,466.201,50
200.457,465.601,50
202.365,465.002,50
204.292,464.467,50
206.226,463.958,50
208.16,463.448,50
210.104,462.983,50
212.074,462.638,50
214.044,462.293,50
216.014,461.948,50
217.985,461.61,50
219.958,461.285,50
221.932,460.96,50
223.905,460.635,50
225.879,460.31,50
227.845,459.945,50
229.809,459.566,50
231.772,459.186,50
233.736,458.806,50
235.689,458.378,50
237.637,457.923,50
239.584,457.467,50
241.532,457.012,50
243.479,456.557,50
245.423,456.087,50
247.345,455.535,50
249.268,454.984,50
251.19,454.431,50
253.103,453.848,50
255.016,453.265,50
256.929,452.682,50
258.842,452.099,50
260.733,451.449,50
262.609,450.757,50
264.486,450.066,50
266.363,449.374,50
268.203,448.598,50
270.005,447.729,50
271.807,446.861,50
273.581,445.944,50
275.248,444.839,50
276.915,443.735,50
278.491,442.527,50
279.799,441.013,50
281.106,439.499,50
282.209,437.837,50
283.247,436.128,50
284.286,434.418,50
285.254,432.681,50
285.659,430.723,50
286.065,428.764,50
286.451,426.804,50
286.439,424.804,50
286.426,422.804,50
286.414,420.804,50
286.402,418.804,50
285.927,416.864,50
285.428,414.927,50
284.835,413.034,50
283.69,411.394,50
282.546,409.754,50
281.275,408.221,50
279.841,406.828,50
278.406,405.434,50
276.734,404.346,50
275.028,403.303,50
273.321,402.261,50
271.614,401.218,50
269.908,400.175,50
268.2,399.134,50
266.487,398.101,50
264.774,397.069,50
263.061,396.037,50
261.348,395.005,50
259.635,393.972,50
257.913,392.957,50
256.092,392.13,50
254.271,391.303,50
252.45,390.475,50
250.63,389.648,50
248.809,388.821,50
246.991,387.986,50
245.177,387.144,50
243.363,386.303,50
241.548,385.461,50
239.734,384.62,50
237.92,383.778,50
236.095,382.96,50
234.263,382.157,50
232.431,381.355,50
230.599,380.553,50
228.767,379.75,50
226.935,378.948,50
225.103,378.146,50
223.263,377.361,50
221.418,376.59,50
219.572,375.82,50
217.726,375.049,50
215.881,374.279,50
214.035,373.509,50
212.189,372.738,50
210.344,371.968,50
208.498,371.198,50
206.652,370.429,50
204.806,369.659,50
202.96,368.889,50
201.114,368.119,50
199.268,367.35,50
197.422,366.58,50
195.576,365.81,50
193.73,365.04,50
191.884,364.271,50
190.038,363.501,50
188.188,362.742,50
186.337,361.984,50
184.486,361.226,50
182.635,360.468,50
180.785,359.71,50
178.925,358.975,50
177.027,358.345,50
175.129,357.715,50
173.231,357.085,50
171.333,356.455,50
169.425,355.854,50
167.515,355.261,50
165.605,354.668,50
163.695,354.074,50
161.778,353.505,50
159.859,352.941,50
157.94,352.378,50
156.021,351.815,50
154.101,351.254,50
152.136,350.883,50
150.171,350.512,50
148.206,350.14,50
146.237,349.786,50
144.268,349.436,50
142.299,349.086,50
140.33,348.736,50
138.353,348.439,50
136.368,348.193,50
134.383,347.947,50
132.396,347.736,50
130.396,347.736,50
128.396,347.736,50
126.396,347.736,50
124.396,347.764,50
122.397,347.807,50
120.397,347.849,50
118.398,347.892,50
116.398,347.934,50
114.412,348.152,50
112.429,348.412,50
110.446,348.672,50
108.463,348.932,50
106.492,349.266,50
104.528,349.644,50
102.564,350.022,50
517.754,696.799,55
517.124,694.901,55
516.494,693.002,55
515.864,691.104,55
515.194,689.22,55
514.493,687.347,55
513.792,685.474,55
513.09,683.601,55
512.316,681.757,55
511.53,679.918,55
510.744,678.079,55
509.924,676.257,55
508.929,674.522,55
507.933,672.788,55
506.938,671.053,55
505.943,669.318,55
504.947,667.583,55
503.81,665.941,55
502.625,664.33,55
501.44,662.719,55
500.254,661.109,55
499.069,659.498,55
497.883,657.887,55
496.647,656.317,55
495.334,654.808,55
494.02,653.3,55
492.707,651.791,55
491.394,650.283,55
490.081,648.774,55
488.734,647.299,55
487.264,645.943,55
485.794,644.587,55
484.324,643.231,55
482.854,641.875,55
481.373,640.53,55
479.884,639.195,55
478.394,637.861,55
476.905,636.526,55
475.407,635.201,55
473.879,633.91,55
472.351,632.62,55
470.823,631.33,55
469.273,630.068,55
467.618,628.945,55
465.962,627.823,55
464.307,626.7,55
462.652,625.578,55
460.991,624.464,55
459.305,623.388,55
457.618,622.313,55
455.932,621.238,55
454.246,620.162,55
452.541,619.116,55
450.831,618.08,55
449.121,617.043,55
447.41,616.006,55
445.7,614.969,55
443.934,614.031,55
442.159,613.11,55
440.384,612.189,55
438.609,611.267,55
436.834,610.346,55
435.044,609.454,55
433.248,608.573,55
431.452,607.693,55
429.656,606.813,55
427.86,605.933,55
426.064,605.053,55
424.269,604.172,55
422.473,603.292,55
420.658,602.452,55
418.843,601.612,55
417.028,600.772,55
415.213,599.931,55
413.398,599.091,55
411.552,598.323,55
409.693,597.586,55
407.833,596.85,55
405.974,596.114,55
404.114,595.378,55
402.254,594.641,55
400.395,593.905,55
398.535,593.169,55
396.676,592.433,55
394.816,591.696,55
392.942,590.997,55
391.067,590.302,55
389.192,589.607,55
387.317,588.911,55
385.441,588.216,55
383.564,587.526,55
381.646,586.961,55
379.728,586.395,55
377.809,585.83,55
375.891,585.264,55
373.972,584.699,55
372.055,584.13,55
370.144,583.54,55
368.233,582.95,55
366.322,582.361,55
364.42,581.743,55
362.536,581.072,55
360.651,580.402,55
358.767,579.732,55
356.889,579.046,55
355.039,578.286,55
353.189,577.525,55
351.339,576.765,55
349.49,576.004,55
347.686,575.143,55
345.903,574.236,55
344.121,573.33,55
342.33,572.44,55
340.527,571.575,55
338.723,570.71,55
336.92,569.845,55
335.212,568.805,55
333.507,567.759,55
331.802,566.714,55
330.097,565.668,55
328.393,564.622,55
326.75,563.484,55
325.144,562.293,55
323.537,561.102,55
321.93,559.911,55
320.364,558.668,55
318.822,557.394,55
317.28,556.12,55
315.739,554.846,55
314.281,553.477,55
312.832,552.099,55
311.382,550.721,55
310.023,549.254,55
308.674,547.778,55
307.325,546.302,55
305.996,544.808,55
304.752,543.241,55
303.509,541.675,55
302.416,540.011,55
301.501,538.233,55
300.586,536.455,55
299.822,534.61,55
299.132,532.733,55
298.443,530.855,55
297.753,528.978,55
297.26,527.042,55
296.812,525.093,55
296.413,523.138,55
296.36,521.138,55
296.308,519.139,55
296.386,517.146,55
296.641,515.163,55
296.896,513.179,55
297.407,511.25,55
298.021,509.347,55
298.671,507.456,55
299.573,505.682,55
300.612,503.974,55
301.817,502.385,55
303.118,500.866,55
304.456,499.381,55
305.866,497.962,55
307.275,496.543,55
308.685,495.125,55
310.129,493.741,55
311.576,492.361,55
313.023,490.98,55
314.462,489.591,55
315.898,488.199,55
317.334,486.807,55
318.751,485.396,55
320.151,483.967,55
321.551,482.539,55
322.889,481.053,55
324.216,479.557,55
325.568,478.084,55
326.965,476.652,55
328.341,475.202,55
329.626,473.669,55
330.911,472.137,55
332.08,470.516,55
333.214,468.868,55
334.272,467.172,55
335.315,465.465,55
336.28,463.714,55
337.232,461.955,55
337.996,460.108,55
338.742,458.252,55
339.437,456.378,55
340.056,454.476,55
340.675,452.574,55
340.901,450.59,55
341.095,448.6,55
341.136,446.602,55
341.122,444.602,55
341.09,442.603,55
340.914,440.611,55
340.738,438.619,55
340.477,436.64,55
340.018,434.694,55
339.552,432.749,55
338.989,430.83,55
338.412,428.916,55
337.584,427.095,55
336.755,425.275,55
335.927,423.455,55
335.021,421.673,55
334.048,419.926,55
333.068,418.184,55
331.741,416.688,55
330.413,415.192,55
329.085,413.697,55
327.589,412.373,55
326.067,411.075,55
324.546,409.777,55
323.024,408.478,55
321.503,407.18,55
319.911,405.976,55
318.24,404.877,55
316.569,403.777,55
314.899,402.678,55
313.226,401.582,55
311.51,400.554,55
309.795,399.525,55
308.08,398.497,55
306.364,397.468,55
304.649,396.44,55
302.892,395.486,55
301.106,394.586,55
299.32,393.686,55
297.534,392.786,55
295.748,391.886,55
293.92,391.076,55
292.091,390.267,55
290.262,389.458,55
288.432,388.65,55
286.588,387.882,55
284.669,387.319,55
282.75,386.756,55
280.831,386.193,55
278.912,385.63,55
276.993,385.066,55
275.074,384.503,55
273.16,383.921,55
271.256,383.31,55
269.352,382.699,55
267.447,382.088,55
265.544,381.474,55
263.679,380.751,55
261.815,380.027,55
259.95,379.303,55
258.086,378.579,55
256.221,377.856,55
254.357,377.132,55
252.495,376.402,55
250.637,375.661,55
248.78,374.92,55
246.922,374.179,55
245.065,373.437,55
243.207,372.696,55
241.349,371.955,55
239.492,371.214,55
237.634,370.473,55
235.777,369.731,55
233.919,368.99,55
232.062,368.249,55
230.218,367.474,55
228.401,366.639,55
226.584,365.804,55
224.767,364.968,55
222.949,364.133,55
221.132,363.298,55
219.315,362.463,55
217.498,361.628,55
215.68,360.792,55
213.863,359.957,55
212.046,359.122,55
210.213,358.323,55
208.374,357.534,55
206.536,356.746,55
204.698,355.958,55
202.86,355.17,55
201.022,354.381,55
199.184,353.593,55
197.346,352.805,55
195.508,352.017,55
193.67,351.228,55
191.838,350.425,55
190.012,349.61,55
188.185,348.795,55
186.359,347.98,55
184.532,347.165,55
182.706,346.35,55
180.88,345.535,55
179.053,344.72,55
177.227,343.905,55
175.388,343.118,55
173.541,342.351,55
171.694,341.584,55
169.847,340.816,55
168.001,340.049,55
166.154,339.281,55
164.307,338.514,55
162.46,337.746,55
160.613,336.979,55
158.766,336.211,55
156.919,335.444,55
155.072,334.676,55
153.256,333.841,55
151.448,332.986,55
149.64,332.131,55
147.832,331.276,55
146.024,330.42,55
144.216,329.565,55
142.408,328.71,55
140.6,327.855,55
138.791,327.002,55
136.979,326.155,55
135.167,325.309,55
133.355,324.462,55
131.543,323.616,55
129.731,322.769,55
127.919,321.923,55
126.107,321.076,55
124.295,320.23,55
122.483,319.383,55
120.609,318.695,55
546.755,696.663,60
545.739,694.94,60
544.722,693.218,60
543.706,691.495,60
542.689,689.773,60
541.65,688.064,60
540.591,686.368,60
539.533,684.671,60
538.474,682.974,60
537.416,681.277,60
536.357,679.58,60
535.298,677.883,60
534.24,676.186,60
533.161,674.503,60
532.051,672.839,60
530.941,671.175,60
529.831,669.511,60
528.721,667.848,60
527.611,666.184,60
526.361,664.624,60
525.102,663.069,60
523.843,661.515,60
522.585,659.961,60
521.326,658.406,60
520.067,656.852,60
518.809,655.298,60
517.55,653.744,60
516.291,652.189,60
515.033,650.635,60
513.774,649.081,60
512.515,647.527,60
511.242,645.985,60
509.893,644.508,60
508.545,643.031,60
507.197,641.554,60
505.848,640.077,60
504.5,638.6,60
503.151,637.123,60
501.803,635.646,60
500.414,634.208,60
498.96,632.835,60
497.505,631.462,60
496.051,630.089,60
494.597,628.717,60
493.142,627.344,60
491.688,625.971,60
490.234,624.598,60
488.78,623.225,60
487.325,621.852,60
485.856,620.495,60
484.366,619.161,60
482.877,617.826,60
481.387,616.491,60
479.898,615.157,60
478.408,613.822,60
476.918,612.487,60
475.429,611.153,60
473.939,609.818,60
472.45,608.484,60
470.96,607.149,60
469.471,605.814,60
467.966,604.497,60
466.455,603.187,60
464.944,601.877,60
463.432,600.567,60
461.921,599.257,60
460.409,597.947,60
458.898,596.637,60
457.387,595.327,60
455.875,594.017,60
454.364,592.708,60
452.787,591.479,60
451.184,590.283,60
449.581,589.087,60
447.978,587.891,60
446.375,586.696,60
444.772,585.5,60
443.169,584.304,60
441.566,583.108,60
439.963,581.912,60
438.257,580.878,60
436.487,579.948,60
434.716,579.018,60
432.946,578.087,60
431.176,577.157,60
429.405,576.227,60
427.635,575.297,60
425.864,574.366,60
424.094,573.436,60
422.323,572.506,60
420.537,571.605,60
418.747,570.714,60
416.956,569.823,60
415.166,568.932,60
413.375,568.041,60
411.585,567.15,60
409.794,566.259,60
408.004,565.368,60
406.213,564.477,60
404.422,563.586,60
402.632,562.695,60
400.841,561.804,60
399.051,560.913,60
397.26,560.022,60
395.47,559.131,60
393.684,558.231,60
391.9,557.326,60
390.117,556.42,60
388.334,555.514,60
386.551,554.609,60
384.767,553.703,60
382.984,552.797,60
381.201,551.892,60
379.418,550.986,60
377.635,550.081,60
375.851,549.175,60
374.068,548.269,60
372.345,547.258,60
370.659,546.182,60
368.974,545.106,60
367.288,544.029,60
365.602,542.953,60
363.917,541.877,60
362.231,540.801,60
360.545,539.724,60
358.885,538.612,60
357.306,537.384,60
355.728,536.156,60
354.15,534.927,60
352.571,533.699,60
351.283,532.234,60
350.395,530.442,60
349.508,528.649,60
348.62,526.857,60
347.732,525.065,60
347.14,523.169,60
346.708,521.216,60
346.275,519.263,60
345.878,517.307,60
345.939,515.308,60
346.001,513.309,60
346.063,511.31,60
346.569,509.388,60
347.181,507.484,60
348.19,505.781,60
349.363,504.161,60
350.787,502.769,60
352.29,501.45,60
353.794,500.131,60
355.327,498.86,60
357.163,498.066,60
358.999,497.272,60
360.834,496.479,60
362.687,495.729,60
364.584,495.095,60
366.48,494.46,60
368.377,493.825,60
370.28,493.212,60
372.205,492.668,60
374.129,492.123,60
376.054,491.579,60
377.978,491.035,60
379.903,490.49,60
381.809,489.887,60
383.707,489.255,60
385.604,488.623,60
387.502,487.99,60
389.399,487.358,60
391.272,486.657,60
393.145,485.956,60
395.018,485.255,60
396.891,484.554,60
398.732,483.777,60
400.536,482.913,60
402.34,482.05,60
404.145,481.187,60
405.649,479.873,60
407.142,478.543,60
408.635,477.212,60
409.978,475.739,60
411.234,474.182,60
412.489,472.625,60
413.745,471.068,60
415.001,469.512,60
415.914,467.737,60
416.794,465.941,60
417.673,464.145,60
418.462,462.311,60
419.111,460.419,60
419.76,458.527,60
420.11,456.561,60
420.428,454.586,60
420.747,452.612,60
420.812,450.618,60
420.788,448.619,60
420.765,446.619,60
420.551,444.631,60
420.317,442.645,60
420.072,440.661,60
419.432,438.766,60
418.792,436.871,60
418.079,435.007,60
417.192,433.214,60
416.305,431.422,60
415.418,429.629,60
414.386,427.916,60
413.349,426.206,60
412.311,424.497,60
411.273,422.787,60
410.164,421.126,60
408.971,419.52,60
407.778,417.915,60
406.585,416.31,60
405.346,414.743,60
403.954,413.307,60
402.563,411.871,60
401.171,410.434,60
399.78,408.998,60
398.267,407.692,60
396.73,406.412,60
395.193,405.132,60
393.656,403.852,60
392.04,402.678,60
390.378,401.566,60
388.715,400.454,60
387.053,399.342,60
385.391,398.23,60
383.653,397.244,60
381.888,396.303,60
380.123,395.362,60
378.359,394.421,60
376.594,393.48,60
374.829,392.538,60
372.999,391.736,60
371.151,390.972,60
369.303,390.208,60
367.454,389.443,60
365.606,388.679,60
363.744,387.95,60
361.869,387.255,60
359.993,386.56,60
358.118,385.865,60
356.243,385.17,60
354.367,384.475,60
352.492,383.78,60
350.617,383.085,60
348.718,382.457,60
346.816,381.839,60
344.914,381.221,60
343.011,380.604,60
341.109,379.986,60
339.207,379.368,60
337.305,378.751,60
335.403,378.133,60
333.5,377.515,60
331.598,376.898,60
329.684,376.318,60
327.759,375.777,60
325.834,375.235,60
323.908,374.694,60
321.983,374.152,60
320.058,373.611,60
318.132,373.07,60
316.207,372.528,60
314.264,372.063,60
312.297,371.699,60
310.331,371.335,60
308.364,370.971,60
306.398,370.607,60
304.431,370.243,60
302.464,369.879,60
300.498,369.513,60
298.543,369.091,60
296.588,368.668,60
294.634,368.246,60
292.679,367.823,60
290.724,367.401,60
288.769,366.979,60
286.814,366.556,60
284.865,366.106,60
282.918,365.65,60
280.971,365.195,60
279.023,364.739,60
277.076,364.283,60
275.128,363.828,60
273.181,363.372,60
271.238,362.897,60
269.297,362.416,60
267.356,361.934,60
265.415,361.453,60
263.473,360.972,60
261.532,360.49,60
259.591,360.009,60
257.65,359.528,60
255.709,359.046,60
253.782,358.511,60
251.868,357.93,60
249.955,357.349,60
248.041,356.768,60
246.127,356.187,60
244.213,355.606,60
242.3,355.025,60
240.389,354.433,60
238.492,353.801,60
236.594,353.169,60
234.697,352.537,60
232.8,351.905,60
230.902,351.273,60
229.005,350.64,60
227.145,349.909,60
225.308,349.118,60
223.471,348.326,60
221.634,347.535,60
219.798,346.744,60
217.961,345.953,60
216.132,345.143,60
214.328,344.281,60
212.523,343.419,60
210.719,342.556,60
208.914,341.694,60
207.116,340.819,60
205.369,339.846,60
203.621,338.873,60
201.874,337.9,60
200.127,336.927,60
198.379,335.954,60
196.632,334.981,60
194.885,334.008,60
193.137,333.035,60
191.427,331.998,60
189.727,330.945,60
188.026,329.893,60
186.326,328.84,60
184.625,327.787,60
182.943,326.706,60
181.265,325.617,60
179.588,324.528,60
177.91,323.439,60
176.233,322.35,60
174.542,321.281,60
172.847,320.22,60
171.152,319.159,60
169.456,318.098,60
167.761,317.037,60
166.066,315.976,60
164.37,314.915,60
162.675,313.854,60
160.98,312.793,60
159.307,311.696,60
157.641,310.589,60
155.975,309.483,60
154.31,308.376,60
152.644,307.269,60
150.978,306.162,60
149.312,305.055,60
147.644,303.952,60
145.924,302.932,60
144.204,301.911,60
142.484,300.89,60
140.765,299.869,60
139.045,298.848,60
137.325,297.828,60
135.615,296.79,60
133.911,295.742,60
132.208,294.695,60
130.504,293.647,60
571.39,695.194,65
570.376,693.469,65
569.363,691.745,65
568.349,690.021,65
567.241,688.358,65
566.092,686.72,65
564.944,685.083,65
563.795,683.446,65
562.621,681.827,65
561.39,680.251,65
560.158,678.676,65
558.926,677.1,65
557.694,675.524,65
556.463,673.949,65
555.032,672.554,65
553.586,671.171,65
552.141,669.789,65
550.695,668.407,65
549.25,667.025,65
547.804,665.642,65
546.359,664.26,65
544.913,662.878,65
543.468,661.496,65
542.022,660.113,65
540.506,658.81,65
538.981,657.516,65
537.456,656.221,65
535.932,654.927,65
534.407,653.632,65
532.882,652.338,65
531.358,651.044,65
529.832,649.75,65
528.287,648.481,65
526.741,647.212,65
525.195,645.942,65
523.65,644.673,65
522.104,643.404,65
520.558,642.135,65
519.013,640.865,65
517.467,639.596,65
515.922,638.327,65
514.376,637.058,65
512.83,635.788,65
511.391,634.401,65
509.963,633,65
508.536,631.599,65
507.108,630.199,65
505.681,628.798,65
504.254,627.397,65
502.826,625.996,65
501.396,624.598,65
499.921,623.247,65
498.446,621.897,65
496.971,620.546,65
495.496,619.195,65
494.021,617.845,65
492.546,616.494,65
491.179,615.035,65
489.828,613.56,65
488.477,612.085,65
487.127,610.61,65
485.783,609.129,65
484.55,607.555,65
483.317,605.98,65
482.084,604.405,65
480.85,602.831,65
479.617,601.256,65
478.401,599.669,65
477.239,598.041,65
476.077,596.414,65
474.914,594.786,65
473.752,593.158,65
472.658,591.485,65
471.569,589.807,65
470.481,588.129,65
469.404,586.444,65
468.444,584.689,65
467.485,582.935,65
466.525,581.18,65
465.566,579.425,65
464.648,577.649,65
463.792,575.842,65
462.935,574.034,65
462.078,572.227,65
461.295,570.39,65
460.667,568.492,65
460.04,566.593,65
459.412,564.694,65
458.784,562.795,65
458.238,560.872,65
457.726,558.938,65
457.214,557.005,65
456.75,555.061,65
456.43,553.087,65
456.111,551.113,65
455.792,549.138,65
455.472,547.164,65
455.153,545.19,65
454.991,543.2,65
454.935,541.201,65
454.879,539.202,65
454.966,537.21,65
455.229,535.227,65
455.491,533.245,65
455.809,531.272,65
456.231,529.317,65
456.653,527.362,65
457.219,525.446,65
457.854,523.55,65
458.49,521.654,65
459.126,519.757,65
460.117,518.023,65
461.128,516.297,65
462.141,514.573,65
463.326,512.961,65
464.538,511.373,65
465.87,509.88,65
467.201,508.388,65
468.532,506.895,65
469.855,505.395,65
471.143,503.865,65
472.431,502.335,65
473.719,500.805,65
474.902,499.193,65
476.067,497.568,65
477.232,495.942,65
478.344,494.282,65
479.352,492.555,65
480.342,490.819,65
481.006,488.932,65
481.67,487.046,65
482.335,485.159,65
482.997,483.272,65
483.442,481.322,65
483.887,479.373,65
484.332,477.423,65
484.776,475.473,65
485.068,473.498,65
485.272,471.508,65
485.433,469.515,65
485.527,467.518,65
485.621,465.52,65
485.715,463.522,65
485.705,461.524,65
485.628,459.525,65
485.551,457.527,65
485.216,455.558,65
484.835,453.594,65
484.455,451.631,65
484.023,449.678,65
483.589,447.726,65
482.984,445.821,65
482.347,443.925,65
481.661,442.048,65
480.858,440.217,65
480.055,438.385,65
479.252,436.553,65
478.367,434.76,65
477.468,432.973,65
476.425,431.27,65
475.329,429.597,65
474.233,427.924,65
473.097,426.282,65
471.781,424.775,65
470.466,423.268,65
469.151,421.762,65
467.77,420.316,65
466.361,418.897,65
464.951,417.478,65
463.542,416.059,65
462.082,414.693,65
460.608,413.34,65
459.135,411.988,65
457.662,410.635,65
456.092,409.396,65
454.518,408.163,65
452.944,406.929,65
451.368,405.697,65
449.739,404.538,65
448.109,403.378,65
446.48,402.218,65
444.85,401.059,65
443.107,400.088,65
441.321,399.187,65
439.535,398.287,65
437.749,397.386,65
435.964,396.486,65
434.178,395.585,65
432.392,394.684,65
430.586,393.826,65
428.769,392.989,65
426.953,392.153,65
425.136,391.316,65
423.32,390.479,65
421.503,389.643,65
419.682,388.815,65
417.845,388.024,65
416.009,387.233,65
414.172,386.442,65
412.335,385.651,65
410.498,384.86,65
408.661,384.068,65
406.824,383.277,65
404.982,382.5,65
403.106,381.806,65
401.23,381.111,65
399.355,380.417,65
397.479,379.723,65
395.604,379.028,65
393.728,378.334,65
391.843,377.668,65
389.941,377.049,65
388.039,376.429,65
386.138,375.81,65
384.236,375.19,65
382.334,374.571,65
380.433,373.951,65
378.543,373.298,65
376.676,372.581,65
374.809,371.864,65
372.942,371.147,65
371.075,370.43,65
369.208,369.713,65
367.305,369.101,65
365.391,368.519,65
363.478,367.937,65
361.564,367.354,65
359.651,366.772,65
357.738,366.19,65
355.824,365.608,65
353.911,365.026,65
351.997,364.444,65
350.083,363.865,65
348.168,363.288,65
346.253,362.71,65
344.339,362.133,65
342.424,361.555,65
340.509,360.978,65
338.594,360.4,65
336.67,359.855,65
334.737,359.342,65
332.804,358.829,65
330.871,358.316,65
328.938,357.803,65
327.005,357.289,65
325.072,356.776,65
323.136,356.273,65
321.2,355.771,65
319.264,355.27,65
317.328,354.768,65
315.392,354.267,65
313.456,353.765,65
311.52,353.264,65
309.581,352.773,65
307.636,352.305,65
305.692,351.836,65
303.748,351.367,65
301.804,350.899,65
299.859,350.43,65
297.915,349.961,65
295.971,349.493,65
294.026,349.024,65
292.082,348.556,65
290.137,348.088,65
288.193,347.621,65
286.251,347.142,65
284.324,346.607,65
282.397,346.072,65
280.47,345.537,65
278.543,345.002,65
276.615,344.467,65
274.688,343.932,65
272.773,343.358,65
270.867,342.752,65
268.961,342.147,65
267.054,341.541,65
265.148,340.936,65
263.242,340.33,65
261.336,339.725,65
259.43,339.119,65
257.527,338.506,65
255.657,337.794,65
253.788,337.083,65
251.919,336.372,65
250.05,335.661,65
248.185,334.938,65
246.343,334.159,65
244.501,333.38,65
242.659,332.601,65
240.86,331.731,65
239.1,330.781,65
237.34,329.831,65
235.617,328.823,65
233.998,327.649,65
232.379,326.475,65
230.759,325.301,65
229.248,323.998,65
227.81,322.609,65
226.371,321.219,65
224.933,319.83,65
223.501,318.433,65
222.138,316.97,65
220.774,315.507,65
219.41,314.044,65
218.293,312.412,65
217.417,310.614,65
216.54,308.816,65
215.664,307.019,65
215.291,305.062,65
214.977,303.087,65
214.96,301.102,65
215.141,299.11,65
215.366,297.123,65
215.618,295.139,65
216.008,293.188,65
216.676,291.303,65
217.434,289.454,65
218.282,287.643,65
219.138,285.836,65
220.216,284.151,65
221.293,282.466,65
222.37,280.781,65
223.448,279.096,65
224.525,277.411,65
225.631,275.746,65
226.837,274.151,65
228.044,272.556,65
229.251,270.961,65
230.548,269.443,65
231.929,267.996,65
233.31,266.549,65
234.69,265.102,65
236.092,263.677,65
237.559,262.317,65
239.025,260.957,65
240.492,259.597,65
241.958,258.237,65
243.425,256.877,65
245.008,255.659,65
246.621,254.476,65
248.234,253.293,65
249.846,252.111,65
251.459,250.928,65
253.072,249.745,65
254.685,248.562,65
256.296,247.377,65
257.895,246.176,65
259.494,244.975,65
261.093,243.774,65
262.693,242.573,65
264.292,241.372,65
265.891,240.171,65
267.5,238.984,65
269.202,237.934,65
270.904,236.884,65
272.607,235.834,65
274.309,234.784,65
275.974,233.683,65
277.52,232.413,65
279.065,231.144,65
280.611,229.874,65
282.053,228.491,65
283.475,227.084,65
284.897,225.678,65
286.319,224.271,65
287.741,222.865,65
289.01,221.321,65
290.257,219.758,65
291.504,218.194,65
292.752,216.63,65
293.906,215.008,65
294.79,213.214,65
295.674,211.42,65
296.558,209.626,65
297.441,207.832,65
298.278,206.02,65
298.784,204.085,65
299.29,202.15,65
299.796,200.215,65
299.915,198.225,65
299.967,196.226,65
300.019,194.227,65
300.071,192.227,65
299.86,190.245,65
299.558,188.268,65
299.255,186.291,65
298.884,184.331,65
298.192,182.455,65
297.5,180.578,65
296.717,178.746,65
295.678,177.037,65
294.638,175.328,65
293.599,173.62,65
292.56,171.911,65
291.243,170.407,65
289.917,168.909,65
288.592,167.412,65
287.266,165.914,65
285.941,164.416,65
284.451,163.085,65
282.935,161.781,65
281.418,160.477,65
279.901,159.174,65
278.372,157.885,65
276.826,156.616,65
275.28,155.347,65
273.735,154.078,65
272.189,152.808,65
270.643,151.539,65
269.043,150.344,65
267.372,149.245,65
265.702,148.145,65
264.031,147.045,65
262.361,145.945,65
260.69,144.847,65
258.949,143.862,65
257.208,142.877,65
255.467,141.893,65
253.727,140.908,65
251.986,139.923,65
250.245,138.938,65
248.505,137.953,65
246.753,136.988,65
244.989,136.046,65
243.224,135.105,65
241.459,134.164,65
239.694,133.223,65
237.93,132.282,65
236.165,131.341,65
837.866,670.61,70
836.569,669.087,70
835.272,667.565,70
833.975,666.043,70
832.677,664.521,70
831.38,662.998,70
830.083,661.476,70
828.786,659.954,70
827.489,658.432,70
826.191,656.909,70
824.894,655.387,70
823.597,653.865,70
822.343,652.307,70
821.096,650.743,70
819.85,649.179,70
818.603,647.615,70
817.357,646.051,70
816.111,644.487,70
814.864,642.923,70
813.618,641.359,70
812.371,639.795,70
811.125,638.23,70
809.878,636.666,70
808.629,635.105,70
807.368,633.552,70
806.108,631.999,70
804.848,630.446,70
803.587,628.893,70
802.327,627.34,70
801.066,625.787,70
799.806,624.235,70
798.546,622.682,70
797.285,621.129,70
796.025,619.576,70
794.765,618.023,70
793.504,616.47,70
792.244,614.917,70
790.983,613.365,70
789.686,611.842,70
788.39,610.319,70
787.093,608.797,70
785.796,607.274,70
784.499,605.752,70
783.202,604.229,70
781.905,602.707,70
780.608,601.184,70
779.312,599.661,70
778.015,598.139,70
776.718,596.616,70
775.421,595.094,70
774.104,593.588,70
772.783,592.087,70
771.461,590.586,70
770.14,589.085,70
768.818,587.584,70
767.496,586.083,70
766.175,584.582,70
764.853,583.081,70
763.532,581.579,70
762.21,580.078,70
760.888,578.577,70
759.544,577.097,70
758.182,575.632,70
756.821,574.167,70
755.46,572.701,70
754.099,571.236,70
752.737,569.771,70
751.376,568.306,70
750.015,566.84,70
748.653,565.375,70
747.291,563.911,70
745.929,562.446,70
744.567,560.982,70
743.205,559.517,70
741.843,558.053,70
740.481,556.588,70
739.119,555.124,70
737.757,553.659,70
736.394,552.195,70
735.032,550.73,70
733.666,549.27,70
732.298,547.811,70
730.93,546.352,70
729.562,544.893,70
728.194,543.434,70
726.826,541.975,70
725.458,540.516,70
724.09,539.057,70
722.701,537.618,70
721.301,536.19,70
719.9,534.763,70
718.499,533.335,70
717.098,531.908,70
715.698,530.48,70
714.297,529.053,70
712.896,527.625,70
711.495,526.198,70
710.094,524.77,70
708.703,523.334,70
707.32,521.889,70
705.937,520.445,70
704.554,519,70
703.171,517.555,70
701.788,516.11,70
700.405,514.666,70
699.022,513.221,70
697.638,511.776,70
696.255,510.331,70
694.872,508.887,70
693.489,507.442,70
692.106,505.997,70
690.721,504.555,70
689.333,503.115,70
687.944,501.675,70
686.556,500.236,70
685.168,498.796,70
683.78,497.356,70
682.391,495.917,70
681.003,494.477,70
679.615,493.037,70
678.227,491.598,70
676.838,490.158,70
675.45,488.718,70
674.016,487.325,70
672.557,485.957,70
671.098,484.589,70
669.639,483.221,70
668.181,481.852,70
666.722,480.484,70
665.263,479.116,70
663.804,477.748,70
662.346,476.379,70
660.887,475.011,70
659.427,473.644,70
657.963,472.282,70
656.498,470.92,70
655.034,469.558,70
653.569,468.196,70
652.105,466.834,70
650.64,465.472,70
649.176,464.11,70
647.711,462.747,70
646.247,461.385,70
644.782,460.023,70
643.318,458.661,70
641.836,457.318,70
640.333,455.999,70
638.829,454.68,70
637.326,453.361,70
635.823,452.042,70
634.319,450.723,70
632.816,449.404,70
631.313,448.085,70
629.809,446.765,70
628.28,445.478,70
626.691,444.264,70
625.101,443.05,70
623.512,441.836,70
621.922,440.623,70
620.332,439.409,70
618.743,438.195,70
617.153,436.981,70
615.564,435.768,70
613.974,434.554,70
612.385,433.34,70
610.795,432.126,70
609.185,430.941,70
607.555,429.781,70
605.925,428.622,70
604.295,427.463,70
602.665,426.304,70
601.036,425.145,70
599.406,423.985,70
597.776,422.826,70
596.146,421.667,70
594.517,420.508,70
592.887,419.348,70
591.257,418.189,70
589.627,417.03,70
587.997,415.871,70
586.352,414.734,70
584.692,413.619,70
583.032,412.503,70
581.372,411.388,70
579.712,410.272,70
578.052,409.156,70
576.392,408.041,70
574.732,406.925,70
573.072,405.809,70
571.412,404.694,70
569.744,403.592,70
568.033,402.556,70
566.322,401.521,70
564.611,400.485,70
562.9,399.449,70
561.189,398.414,70
559.478,397.378,70
557.734,396.404,70
555.918,395.567,70
554.101,394.73,70
552.285,393.893,70
550.468,393.057,70
548.652,392.22,70
546.835,391.383,70
545.019,390.546,70
543.202,389.709,70
541.386,388.872,70
539.569,388.035,70
537.719,387.283,70
535.823,386.647,70
533.927,386.012,70
532.03,385.376,70
530.134,384.74,70
528.238,384.105,70
526.341,383.469,70
524.445,382.833,70
522.54,382.226,70
520.63,381.63,70
518.721,381.035,70
516.812,380.44,70
514.902,379.845,70
512.993,379.249,70
511.084,378.654,70
509.174,378.059,70
507.265,377.463,70
505.291,377.153,70
503.311,376.869,70
501.332,376.585,70
499.352,376.302,70
497.372,376.018,70
495.392,375.734,70
493.413,375.451,70
491.433,375.167,70
489.453,374.883,70
487.465,374.691,70
485.467,374.606,70
483.468,374.52,70
481.47,374.435,70
479.472,374.349,70
477.474,374.263,70
475.476,374.178,70
473.478,374.092,70
471.479,374.006,70
469.481,373.921,70
467.482,373.855,70
465.483,373.79,70
463.484,373.725,70
461.485,373.66,70
459.486,373.595,70
457.488,373.53,70
455.489,373.465,70
453.49,373.399,70
451.491,373.334,70
449.492,373.269,70
447.493,373.204,70
445.494,373.139,70
443.5,372.994,70
441.509,372.804,70
439.518,372.614,70
437.527,372.424,70
435.536,372.234,70
433.545,372.043,70
431.554,371.853,70
429.563,371.663,70
427.573,371.473,70
425.582,371.283,70
423.591,371.093,70
421.6,370.903,70
419.609,370.713,70
417.618,370.523,70
415.627,370.333,70
413.636,370.142,70
411.645,369.952,70
409.654,369.762,70
407.667,369.538,70
405.682,369.292,70
403.697,369.046,70
401.712,368.8,70
399.728,368.553,70
397.743,368.307,70
395.758,368.061,70
393.773,367.815,70
391.789,367.568,70
389.804,367.322,70
387.819,367.076,70
385.834,366.83,70
383.862,366.507,70
381.898,366.125,70
379.935,365.743,70
377.972,365.362,70
376.009,364.98,70
374.045,364.598,70
372.082,364.216,70
370.119,363.834,70
368.156,363.453,70
366.193,363.071,70
364.229,362.689,70
362.266,362.307,70
360.303,361.926,70
358.35,361.493,70
356.399,361.056,70
354.447,360.619,70
352.495,360.182,70
350.544,359.745,70
348.592,359.308,70
346.64,358.871,70
344.688,358.435,70
342.753,357.938,70
340.85,357.324,70
338.946,356.709,70
337.043,356.095,70
335.14,355.48,70
333.237,354.866,70
331.333,354.252,70
329.43,353.637,70
327.535,352.998,70
325.647,352.339,70
323.758,351.681,70
321.87,351.022,70
319.981,350.364,70
318.093,349.705,70
316.204,349.047,70
314.316,348.388,70
312.427,347.73,70
310.539,347.071,70
308.705,346.278,70
306.896,345.425,70
305.087,344.572,70
303.278,343.719,70
301.469,342.866,70
299.66,342.013,70
297.851,341.16,70
296.042,340.307,70
294.286,339.356,70
292.569,338.33,70
290.852,337.305,70
289.135,336.279,70
287.418,335.254,70
285.7,334.228,70
283.983,333.203,70
282.408,331.972,70
280.836,330.735,70
279.264,329.498,70
277.692,328.262,70
276.121,327.025,70
274.691,325.638,70
273.378,324.13,70
272.064,322.622,70
270.75,321.115,70
269.436,319.607,70
268.122,318.099,70
266.808,316.591,70
265.717,314.932,70
264.804,313.153,70
263.891,311.373,70
262.978,309.594,70
262.094,307.801,70
261.377,305.934,70
260.659,304.068,70
259.942,302.201,70
259.224,300.334,70
259.064,298.381,70
259.187,296.385,70
259.31,294.389,70
259.432,292.392,70
259.843,290.44,70
260.316,288.497,70
260.789,286.553,70
261.262,284.61,70
261.95,282.732,70
262.639,280.854,70
263.328,278.977,70
264.017,277.099,70
264.851,275.284,70
265.743,273.494,70
266.636,271.705,70
267.607,269.961,70
268.739,268.312,70
269.871,266.664,70
271.004,265.015,70
272.136,263.367,70
273.332,261.766,70
274.586,260.207,70
275.839,258.648,70
277.092,257.09,70
278.346,255.531,70
279.7,254.062,70
281.095,252.628,70
282.489,251.195,70
283.884,249.762,70
285.414,248.475,70
286.957,247.203,70
288.5,245.93,70
290.07,244.693,70
291.675,243.499,70
293.28,242.306,70
294.886,241.114,70
296.554,240.01,70
298.221,238.906,70
299.889,237.802,70
301.557,236.698,70
303.306,235.728,70
305.057,234.761,70
306.807,233.793,70
308.557,232.826,70
310.308,231.859,70
312.028,230.839,70
313.746,229.814,70
315.464,228.79,70
317.182,227.766,70
318.867,226.693,70
320.467,225.493,70
322.068,224.294,70
323.668,223.095,70
325.269,221.895,70
326.744,220.553,70
328.144,219.124,70
329.544,217.696,70
330.943,216.268,70
332.334,214.831,70
333.603,213.285,70
334.872,211.74,70
336.142,210.194,70
337.411,208.648,70
338.542,207.008,70
339.521,205.264,70
340.501,203.521,70
341.48,201.777,70
342.29,199.952,70
343.032,198.095,70
343.773,196.237,70
344.271,194.3,70
344.765,192.362,70
345.259,190.424,70
345.698,188.475,70
346.02,186.501,70
346.342,184.527,70
346.664,182.553,70
346.987,180.579,70
347.158,178.592,70
347.198,176.592,70
347.237,174.592,70
347.277,172.593,70
347.316,170.593,70
347.309,168.594,70
347.22,166.596,70
347.131,164.598,70
347.042,162.6,70
346.953,160.602,70
346.832,158.608,70
346.41,156.653,70
345.988,154.698,70
345.565,152.743,70
345.143,150.788,70
344.645,148.853,70
344.068,146.938,70
343.49,145.024,70
342.912,143.109,70
342.335,141.194,70
341.7,139.298,70
341.044,137.408,70
340.388,135.519,70
339.732,133.63,70
339.076,131.74,70
338.265,129.913,70
337.441,128.091,70
336.617,126.268,70
335.792,124.446,70
334.968,122.624,70
334.144,120.801,70
333.274,119.001,70
332.34,117.233,70
331.406,115.465,70
330.471,113.696,70
329.537,111.928,70
328.575,110.175,70
327.609,108.424,70
326.643,106.672,70
325.677,104.921,70
324.708,103.171,70
323.663,101.466,70
322.618,99.761,70
321.573,98.056,70
320.527,96.351,70
319.384,94.712,70
318.192,93.106,70
821.566,56.928,75
820.027,58.205,75
818.487,59.482,75
816.948,60.759,75
815.409,62.036,75
813.861,63.303,75
812.275,64.521,75
810.689,65.74,75
809.103,66.958,75
807.517,68.176,75
805.931,69.395,75
804.345,70.613,75
802.759,71.831,75
801.173,73.049,75
799.586,74.268,75
798,75.486,75
796.414,76.704,75
794.828,77.923,75
793.242,79.141,75
791.656,80.359,75
790.072,81.581,75
788.489,82.803,75
786.905,84.024,75
785.322,85.246,75
783.738,86.467,75
782.155,87.689,75
780.571,88.911,75
778.987,90.132,75
777.404,91.354,75
775.82,92.575,75
774.251,93.814,75
772.73,95.113,75
771.209,96.412,75
769.688,97.711,75
768.167,99.01,75
766.647,100.309,75
765.126,101.607,75
763.605,102.906,75
762.084,104.205,75
760.563,105.504,75
759.042,106.803,75
757.521,108.102,75
756.001,109.4,75
754.48,110.699,75
752.959,111.998,75
751.438,113.297,75
749.917,114.595,75
748.396,115.894,75
746.874,117.192,75
745.353,118.491,75
743.832,119.789,75
742.311,121.088,75
740.79,122.386,75
739.269,123.685,75
737.747,124.983,75
736.242,126.3,75
734.763,127.646,75
733.284,128.992,75
731.804,130.338,75
730.325,131.684,75
728.846,133.03,75
727.367,134.376,75
725.888,135.722,75
724.443,137.104,75
723.054,138.543,75
721.665,139.982,75
720.276,141.421,75
718.887,142.86,75
717.498,144.299,75
716.109,145.737,75
714.719,147.176,75
713.33,148.615,75
711.941,150.054,75
710.552,151.493,75
709.167,152.936,75
707.871,154.459,75
706.575,155.982,75
705.278,157.505,75
703.982,159.028,75
702.686,160.551,75
701.389,162.074,75
700.093,163.597,75
698.797,165.12,75
697.5,166.643,75
696.204,168.166,75
694.908,169.689,75
693.667,171.256,75
692.468,172.857,75
691.27,174.458,75
690.071,176.059,75
688.938,177.706,75
687.832,179.373,75
686.726,181.039,75
685.621,182.706,75
684.515,184.372,75
683.409,186.039,75
682.303,187.705,75
681.197,189.372,75
680.097,191.042,75
679.008,192.719,75
677.918,194.397,75
676.829,196.074,75
675.739,197.751,75
674.65,199.428,75
673.568,201.11,75
672.555,202.835,75
671.543,204.56,75
670.53,206.284,75
669.518,208.009,75
668.505,209.734,75
667.492,211.458,75
666.48,213.183,75
665.427,214.883,75
664.347,216.567,75
663.267,218.25,75
662.187,219.933,75
661.107,221.616,75
660.027,223.3,75
658.947,224.983,75
657.867,226.666,75
656.786,228.349,75
655.706,230.033,75
654.601,231.7,75
653.478,233.354,75
652.354,235.009,75
651.231,236.663,75
650.107,238.318,75
648.984,239.973,75
647.854,241.623,75
646.72,243.27,75
645.586,244.918,75
644.452,246.565,75
643.318,248.212,75
642.184,249.86,75
641.05,251.507,75
639.916,253.155,75
638.782,254.802,75
637.648,256.45,75
636.485,258.077,75
635.319,259.702,75
634.153,261.327,75
632.987,262.952,75
631.821,264.577,75
630.655,266.202,75
629.468,267.811,75
628.265,269.409,75
627.062,271.006,75
625.858,272.604,75
624.655,274.201,75
623.452,275.799,75
622.247,277.395,75
620.991,278.952,75
619.735,280.508,75
618.479,282.065,75
617.223,283.621,75
615.967,285.178,75
614.61,286.646,75
613.238,288.101,75
611.866,289.556,75
610.494,291.012,75
609.122,292.467,75
607.755,293.926,75
606.398,295.396,75
605.041,296.865,75
603.684,298.334,75
602.327,299.803,75
600.97,301.272,75
599.54,302.671,75
598.11,304.069,75
596.68,305.467,75
595.249,306.865,75
593.819,308.263,75
592.385,309.656,75
590.866,310.958,75
589.347,312.259,75
587.829,313.561,75
586.31,314.862,75
584.792,316.164,75
583.273,317.465,75
581.755,318.767,75
580.236,320.068,75
578.717,321.37,75
577.184,322.653,75
575.611,323.889,75
574.039,325.124,75
572.466,326.36,75
570.894,327.596,75
569.321,328.832,75
567.749,330.068,75
566.176,331.304,75
564.531,332.437,75
562.848,333.518,75
561.165,334.598,75
559.482,335.679,75
557.799,336.759,75
556.116,337.84,75
554.411,338.885,75
552.703,339.926,75
550.995,340.966,75
549.287,342.007,75
547.579,343.048,75
545.781,343.919,75
543.966,344.759,75
542.151,345.6,75
540.337,346.441,75
538.481,347.184,75
536.606,347.879,75
534.73,348.573,75
532.855,349.267,75
530.979,349.961,75
529.077,350.576,75
527.157,351.137,75
525.237,351.697,75
523.318,352.258,75
521.398,352.819,75
519.478,353.38,75
517.558,353.94,75
515.638,354.501,75
513.715,355.048,75
511.784,355.568,75
509.852,356.088,75
507.921,356.608,75
505.99,357.128,75
504.059,357.648,75
502.097,358.019,75
500.117,358.3,75
498.137,358.582,75
496.157,358.863,75
494.177,359.145,75
492.196,359.426,75
490.216,359.708,75
488.236,359.989,75
486.256,360.27,75
484.276,360.552,75
482.299,360.855,75
480.325,361.172,75
478.35,361.489,75
476.375,361.806,75
474.4,362.123,75
472.415,362.362,75
470.426,362.566,75
468.436,362.771,75
466.447,362.976,75
464.457,363.181,75
462.466,363.361,75
460.468,363.455,75
458.47,363.548,75
456.473,363.642,75
454.475,363.736,75
452.477,363.83,75
450.479,363.924,75
448.481,364.017,75
446.481,364.019,75
444.481,364.019,75
442.481,364.02,75
440.481,364.02,75
438.481,364.02,75
436.481,364.02,75
434.481,364.02,75
432.483,363.942,75
430.485,363.861,75
428.486,363.78,75
426.488,363.699,75
424.49,363.617,75
422.491,363.536,75
420.493,363.455,75
418.495,363.374,75
416.496,363.292,75
414.498,363.211,75
412.5,363.13,75
410.501,363.049,75
408.503,362.967,75
406.505,362.886,75
404.515,362.69,75
402.528,362.46,75
400.542,362.229,75
398.555,361.999,75
396.568,361.768,75
394.582,361.538,75
392.594,361.319,75
390.605,361.108,75
388.616,360.896,75
386.627,360.684,75
384.639,360.473,75
382.651,360.251,75
380.669,359.982,75
378.687,359.713,75
376.706,359.444,75
374.724,359.176,75
372.742,358.907,75
370.76,358.637,75
368.806,358.211,75
366.852,357.784,75
364.898,357.357,75
362.944,356.931,75
360.99,356.504,75
359.036,356.078,75
357.08,355.66,75
355.121,355.257,75
353.163,354.854,75
351.204,354.451,75
349.245,354.048,75
347.286,353.645,75
345.339,353.194,75
343.425,352.613,75
341.511,352.033,75
339.597,351.452,75
337.683,350.872,75
335.769,350.291,75
333.855,349.711,75
331.965,349.06,75
330.086,348.374,75
328.208,347.688,75
326.329,347.002,75
324.45,346.316,75
322.576,345.618,75
320.745,344.813,75
318.914,344.009,75
317.083,343.205,75
315.252,342.4,75
313.421,341.596,75
311.59,340.791,75
309.759,339.987,75
307.928,339.182,75
306.153,338.269,75
304.428,337.256,75
302.703,336.244,75
300.978,335.231,75
299.254,334.218,75
297.692,332.975,75
296.156,331.693,75
294.62,330.412,75
293.084,329.131,75
291.549,327.849,75
290.013,326.568,75
288.566,325.193,75
287.185,323.746,75
285.804,322.299,75
284.423,320.852,75
283.071,319.386,75
282.224,317.574,75
281.378,315.762,75
280.59,313.93,75
280.155,311.978,75
279.721,310.026,75
279.286,308.073,75
278.927,306.111,75
278.846,304.113,75
278.765,302.115,75
278.72,300.117,75
278.939,298.13,75
279.158,296.142,75
279.472,294.17,75
279.95,292.228,75
280.429,290.286,75
280.936,288.354,75
281.686,286.5,75
282.495,284.674,75
283.461,282.923,75
284.428,281.172,75
285.395,279.421,75
286.474,277.74,75
287.602,276.088,75
288.729,274.436,75
289.856,272.783,75
291.144,271.255,75
292.452,269.742,75
293.76,268.229,75
295.068,266.717,75
296.377,265.204,75
297.75,263.752,75
299.173,262.347,75
300.597,260.943,75
302.021,259.538,75
303.521,258.217,75
305.056,256.936,75
306.592,255.654,75
308.128,254.373,75
309.663,253.092,75
311.353,252.027,75
313.067,250.996,75
314.781,249.965,75
316.495,248.935,75
318.211,247.908,75
319.982,246.979,75
321.753,246.05,75
323.524,245.121,75
325.295,244.191,75
327.066,243.262,75
328.837,242.331,75
330.607,241.401,75
332.377,240.47,75
334.148,239.54,75
335.918,238.609,75
337.688,237.679,75
339.455,236.741,75
341.221,235.802,75
342.987,234.864,75
344.753,233.925,75
346.519,232.987,75
348.223,231.944,75
349.879,230.823,75
351.535,229.701,75
353.191,228.58,75
354.846,227.458,75
356.502,226.336,75
358.158,225.215,75
359.814,224.093,75
361.352,222.818,75
362.853,221.498,75
364.355,220.177,75
365.857,218.856,75
367.359,217.535,75
368.821,216.173,75
370.196,214.721,75
371.571,213.269,75
372.946,211.816,75
374.321,210.364,75
375.556,208.795,75
376.738,207.181,75
377.92,205.568,75
379.102,203.954,75
380.208,202.292,75
381.209,200.56,75
382.209,198.828,75
383.209,197.096,75
384.21,195.365,75
385.193,193.624,75
386.023,191.804,75
386.853,189.985,75
387.683,188.165,75
388.512,186.345,75
389.342,184.525,75
390.172,182.706,75
390.893,180.84,75
391.597,178.969,75
392.302,177.097,75
393.006,175.225,75
393.711,173.353,75
394.415,171.482,75
395.115,169.608,75
395.693,167.693,75
396.27,165.779,75
396.848,163.864,75
397.426,161.949,75
398.004,160.034,75
398.582,158.12,75
399.16,156.205,75
399.42,154.223,75
399.668,152.239,75
399.916,150.254,75
400.165,148.269,75
400.395,146.283,75
400.587,144.292,75
400.779,142.301,75
400.971,140.311,75
401.163,138.32,75
401.355,136.329,75
401.547,134.338,75
401.742,132.348,75
401.944,130.358,75
402.146,128.368,75
402.349,126.379,75
402.551,124.389,75
402.753,122.399,75
402.843,120.404,75
402.826,118.404,75
402.809,116.404,75
402.792,114.404,75
402.775,112.404,75
402.758,110.405,75
402.652,108.409,75
402.45,106.42,75
402.247,104.43,75
402.044,102.44,75
401.841,100.451,75
401.638,98.461,75
401.422,96.473,75
401.205,94.485,75
400.988,92.496,75
400.771,90.508,75
400.554,88.52,75
400.28,86.541,75
399.847,84.589,75
399.414,82.636,75
398.982,80.683,75
398.549,78.731,75
398.116,76.778,75
397.683,74.826,75
397.25,72.873,75
396.817,70.92,75
396.384,68.968,75
395.812,67.053,75
395.19,65.153,75
394.567,63.252,75
393.945,61.351,75
393.322,59.451,75
803.964,27.706,80
802.104,28.442,80
800.244,29.177,80
798.385,29.913,80
796.525,30.649,80
794.665,31.384,80
792.805,32.12,80
790.945,32.856,80
789.086,33.591,80
787.226,34.327,80
785.366,35.063,80
783.506,35.798,80
781.681,36.615,80
779.863,37.449,80
778.045,38.283,80
776.227,39.116,80
774.409,39.95,80
772.591,40.784,80
770.773,41.617,80
768.955,42.451,80
767.138,43.285,80
765.32,44.118,80
763.502,44.952,80
761.684,45.786,80
759.866,46.619,80
758.081,47.521,80
756.308,48.447,80
754.536,49.373,80
752.763,50.299,80
750.99,51.225,80
749.218,52.152,80
747.445,53.078,80
745.673,54.004,80
743.9,54.93,80
742.127,55.856,80
740.355,56.782,80
738.582,57.709,80
736.816,58.647,80
735.086,59.651,80
733.357,60.655,80
731.627,61.658,80
729.897,62.662,80
728.167,63.666,80
726.448,64.687,80
724.762,65.764,80
723.077,66.841,80
721.391,67.917,80
719.706,68.994,80
718.021,70.071,80
716.335,71.148,80
714.65,72.224,80
712.965,73.302,80
711.357,74.492,80
709.749,75.681,80
708.141,76.87,80
706.533,78.06,80
704.926,79.249,80
703.318,80.438,80
701.71,81.628,80
700.166,82.896,80
698.672,84.226,80
697.178,85.556,80
695.684,86.885,80
694.19,88.215,80
692.696,89.545,80
691.202,90.874,80
689.708,92.204,80
688.214,93.534,80
686.72,94.863,80
685.24,96.208,80
683.799,97.595,80
682.358,98.981,80
680.916,100.368,80
679.475,101.755,80
678.034,103.141,80
676.592,104.528,80
675.151,105.914,80
673.71,107.301,80
672.313,108.731,80
670.961,110.205,80
669.609,111.679,80
668.257,113.153,80
666.905,114.626,80
665.553,116.1,80
664.201,117.574,80
662.849,119.048,80
661.497,120.522,80
660.145,121.996,80
658.825,123.496,80
657.573,125.056,80
656.322,126.617,80
655.071,128.177,80
653.819,129.737,80
652.568,131.297,80
651.317,132.857,80
650.065,134.417,80
648.855,136.008,80
647.705,137.645,80
646.556,139.282,80
645.406,140.918,80
644.257,142.555,80
643.107,144.192,80
641.958,145.828,80
640.809,147.465,80
639.659,149.102,80
638.51,150.739,80
637.369,152.381,80
636.249,154.038,80
635.128,155.695,80
634.007,157.351,80
632.887,159.008,80
631.766,160.664,80
630.661,162.33,80
629.633,164.046,80
628.606,165.762,80
627.579,167.478,80
626.552,169.195,80
625.524,170.911,80
624.498,172.627,80
623.619,174.424,80
622.74,176.22,80
621.861,178.017,80
620.982,179.813,80
620.103,181.609,80
619.224,183.406,80
618.345,185.202,80
617.466,186.999,80
616.587,188.795,80
615.721,190.598,80
614.9,192.422,80
614.078,194.245,80
613.256,196.068,80
612.435,197.892,80
611.613,199.715,80
610.791,201.539,80
609.969,203.362,80
609.154,205.188,80
608.347,207.018,80
607.541,208.848,80
606.734,210.678,80
605.927,212.508,80
605.12,214.338,80
604.313,216.169,80
603.506,217.999,80
602.643,219.799,80
601.6,221.505,80
600.556,223.212,80
599.513,224.918,80
598.47,226.624,80
597.435,228.336,80
596.405,230.05,80
595.375,231.765,80
594.345,233.479,80
593.315,235.193,80
592.285,236.908,80
591.255,238.622,80
590.225,240.337,80
589.195,242.051,80
588.165,243.765,80
587.096,245.456,80
586.019,247.14,80
584.941,248.825,80
583.863,250.51,80
582.785,252.194,80
581.707,253.879,80
580.629,255.564,80
579.551,257.248,80
578.431,258.905,80
577.304,260.557,80
576.177,262.21,80
575.05,263.862,80
573.923,265.514,80
572.796,267.166,80
571.669,268.819,80
570.542,270.471,80
569.416,272.123,80
568.289,273.776,80
567.162,275.428,80
566.004,277.058,80
564.801,278.656,80
563.598,280.254,80
562.396,281.852,80
561.193,283.45,80
559.99,285.048,80
558.788,286.646,80
557.585,288.244,80
556.382,289.842,80
555.18,291.44,80
553.977,293.038,80
552.774,294.636,80
551.448,296.131,80
550.106,297.615,80
548.764,299.098,80
547.423,300.581,80
546.081,302.065,80
544.74,303.548,80
543.398,305.031,80
542.057,306.514,80
540.715,307.998,80
539.373,309.481,80
537.927,310.862,80
536.478,312.241,80
535.029,313.619,80
533.579,314.997,80
532.13,316.375,80
530.681,317.754,80
529.232,319.132,80
527.782,320.51,80
526.285,321.834,80
524.734,323.097,80
523.183,324.36,80
521.633,325.623,80
520.082,326.886,80
518.531,328.149,80
516.98,329.412,80
515.43,330.675,80
513.866,331.921,80
512.196,333.021,80
510.526,334.122,80
508.856,335.222,80
507.187,336.323,80
505.517,337.423,80
503.847,338.524,80
502.177,339.625,80
500.507,340.725,80
498.747,341.658,80
496.905,342.437,80
495.063,343.216,80
493.221,343.996,80
491.393,344.806,80
489.579,345.649,80
487.765,346.491,80
485.951,347.334,80
484.137,348.176,80
482.296,348.946,80
480.376,349.505,80
478.456,350.065,80
476.536,350.625,80
474.616,351.184,80
472.696,351.744,80
470.753,352.215,80
468.802,352.657,80
466.851,353.098,80
464.901,353.54,80
462.934,353.864,80
460.937,353.981,80
458.94,354.097,80
456.944,354.214,80
454.947,354.33,80
452.95,354.446,80
450.954,354.563,80
448.957,354.679,80
446.961,354.795,80
444.964,354.912,80
442.967,355.025,80
440.967,355.054,80
438.968,355.083,80
436.968,355.113,80
434.968,355.142,80
432.968,355.171,80
430.969,355.201,80
428.969,355.23,80
426.969,355.259,80
424.969,355.288,80
422.969,355.256,80
420.97,355.223,80
418.97,355.191,80
416.97,355.158,80
414.971,355.126,80
412.971,355.093,80
410.971,355.061,80
408.971,355.028,80
406.981,354.847,80
404.994,354.624,80
403.006,354.401,80
401.019,354.178,80
399.031,353.956,80
397.043,353.733,80
395.056,353.51,80
393.068,353.287,80
391.083,353.044,80
389.103,352.766,80
387.122,352.488,80
385.141,352.211,80
383.161,351.933,80
381.18,351.655,80
379.2,351.377,80
377.219,351.099,80
375.244,350.784,80
373.272,350.45,80
371.3,350.116,80
369.329,349.781,80
367.357,349.447,80
365.385,349.113,80
363.419,348.748,80
361.473,348.287,80
359.527,347.827,80
357.58,347.367,80
355.634,346.906,80
353.688,346.446,80
351.758,345.925,80
349.85,345.327,80
347.941,344.728,80
346.033,344.13,80
344.125,343.531,80
342.216,342.933,80
340.308,342.334,80
338.406,341.718,80
336.541,340.996,80
334.676,340.273,80
332.811,339.551,80
330.946,338.828,80
329.081,338.106,80
327.216,337.383,80
325.351,336.661,80
323.487,335.938,80
321.698,335.042,80
319.91,334.146,80
318.122,333.25,80
316.334,332.354,80
314.546,331.458,80
312.758,330.562,80
311.027,329.569,80
309.377,328.439,80
307.727,327.309,80
306.077,326.179,80
304.437,325.036,80
303.051,323.594,80
301.665,322.153,80
300.278,320.711,80
299.027,319.162,80
297.926,317.492,80
296.826,315.822,80
295.842,314.101,80
295.349,312.162,80
294.857,310.224,80
294.365,308.285,80
294.088,306.315,80
294.007,304.317,80
293.926,302.319,80
293.929,300.325,80
294.24,298.349,80
294.551,296.374,80
295.143,294.467,80
295.786,292.574,80
296.717,290.804,80
297.656,289.038,80
298.594,287.272,80
299.787,285.669,80
301.005,284.083,80
302.388,282.641,80
303.795,281.219,80
305.202,279.798,80
306.609,278.377,80
307.974,276.916,80
309.286,275.407,80
310.599,273.898,80
312.031,272.519,80
313.643,271.335,80
315.256,270.152,80
316.946,269.086,80
318.664,268.061,80
320.381,267.036,80
322.126,266.06,80
323.887,265.113,80
325.648,264.165,80
327.41,263.217,80
329.186,262.299,80
330.993,261.442,80
332.8,260.585,80
334.607,259.728,80
336.414,258.872,80
338.255,258.091,80
340.108,257.338,80
341.961,256.585,80
343.814,255.832,80
345.667,255.08,80
347.52,254.327,80
349.302,253.429,80
351.034,252.43,80
352.767,251.431,80
354.488,250.413,80
356.205,249.386,80
357.921,248.359,80
359.637,247.332,80
361.353,246.306,80
362.944,245.094,80
364.533,243.88,80
366.123,242.665,80
367.712,241.451,80
369.301,240.236,80
370.89,239.022,80
372.461,237.786,80
373.934,236.433,80
375.407,235.081,80
376.875,233.723,80
378.253,232.272,80
379.63,230.822,80
381.007,229.372,80
382.385,227.922,80
383.762,226.472,80
385.14,225.022,80
386.48,223.54,80
387.747,221.992,80
389.014,220.445,80
390.281,218.897,80
391.548,217.35,80
392.718,215.729,80
393.864,214.089,80
395.01,212.45,80
396.155,210.811,80
397.301,209.171,80
398.438,207.526,80
399.535,205.854,80
400.631,204.181,80
401.728,202.508,80
402.824,200.836,80
403.921,199.163,80
404.998,197.479,80
406.018,195.758,80
407.039,194.038,80
408.059,192.318,80
409.08,190.598,80
410.053,188.851,80
411.024,187.102,80
411.976,185.344,80
412.817,183.53,80
413.658,181.715,80
414.499,179.901,80
415.34,178.086,80
416.181,176.271,80
417.028,174.46,80
417.883,172.652,80
418.737,170.843,80
419.591,169.035,80
420.446,167.227,80
421.3,165.418,80
422.154,163.61,80
423.009,161.802,80
423.843,159.984,80
424.663,158.16,80
425.483,156.336,80
426.303,154.512,80
427.124,152.687,80
427.944,150.863,80
428.764,149.039,80
429.548,147.199,80
430.328,145.358,80
431.108,143.516,80
431.888,141.675,80
432.719,139.855,80
433.552,138.037,80
434.385,136.219,80
435.219,134.401,80
436.052,132.583,80
436.885,130.764,80
437.707,128.941,80
438.495,127.103,80
439.284,125.265,80
440.072,123.427,80
440.825,121.575,80
441.524,119.701,80
442.224,117.828,80
442.924,115.954,80
443.606,114.074,80
444.259,112.184,80
444.913,110.294,80
445.567,108.403,80
446.22,106.513,80
446.874,104.623,80
447.488,102.72,80
448.081,100.81,80
448.674,98.9,80
449.267,96.99,80
449.86,95.08,80
450.453,93.17,80
451.044,91.259,80
451.522,89.317,80
452.001,87.375,80
452.479,85.433,80
452.9,83.478,80
453.285,81.516,80
453.671,79.553,80
454.056,77.591,80
454.351,75.615,80
454.558,73.625,80
454.764,71.636,80
454.97,69.647,80
455.176,67.657,80
455.382,65.668,80
455.588,63.679,80
455.794,61.689,80
477.246,124.732,90
478.826,123.505,90
480.405,122.278,90
481.974,121.038,90
483.544,119.798,90
485.113,118.559,90
486.682,117.319,90
488.252,116.079,90
489.821,114.839,90
491.391,113.6,90
492.941,112.337,90
494.425,110.997,90
495.91,109.657,90
497.394,108.316,90
498.879,106.976,90
500.363,105.636,90
501.848,104.296,90
503.297,102.92,90
504.657,101.453,90
506.016,99.986,90
507.376,98.519,90
508.735,97.052,90
510.095,95.586,90
511.454,94.119,90
512.837,92.674,90
514.233,91.242,90
515.63,89.81,90
517.026,88.378,90
518.422,86.947,90
519.819,85.515,90
521.214,84.082,90
522.608,82.648,90
524.002,81.214,90
525.397,79.78,90
526.795,78.35,90
528.219,76.946,90
529.644,75.542,90
531.068,74.138,90
532.493,72.734,90
533.927,71.341,90
535.411,70,90
536.896,68.66,90
538.381,67.32,90
539.865,65.98,90
541.426,64.732,90
543.018,63.521,90
544.61,62.311,90
546.203,61.101,90
547.795,59.891,90
549.48,58.823,90
551.231,57.857,90
552.983,56.891,90
554.734,55.926,90
556.55,55.105,90
558.442,54.457,90
560.334,53.808,90
562.225,53.159,90
564.117,52.511,90
566.075,52.102,90
568.034,51.702,90
569.994,51.303,90
571.954,50.903,90
573.926,50.621,90
575.926,50.57,90
577.925,50.52,90
579.925,50.469,90
581.792,51.104,90
583.628,51.897,90
585.35,52.886,90
586.812,54.227,90
588.038,55.807,90
588.971,57.551,90
589.669,59.425,90
589.806,61.414,90
589.897,63.411,90
589.597,65.389,90
589.121,67.315,90
588.313,69.144,90
587.474,70.96,90
586.62,72.768,90
585.591,74.475,90
584.439,76.11,90
583.288,77.746,90
581.885,79.168,90
580.464,80.575,90
578.989,81.922,90
577.435,83.182,90
575.882,84.441,90
574.328,85.701,90
572.775,86.961,90
571.131,88.098,90
569.468,89.209,90
567.805,90.32,90
566.142,91.43,90
564.614,92.713,90
563.152,94.077,90
561.75,95.504,90
560.348,96.93,90
558.946,98.357,90
557.544,99.783,90
556.158,101.224,90
554.78,102.675,90
553.403,104.125,90
552.026,105.575,90
550.649,107.026,90
549.317,108.515,90
548.072,110.08,90
546.826,111.645,90
545.581,113.21,90
544.336,114.776,90
543.091,116.341,90
541.91,117.955,90
540.729,119.568,90
539.547,121.182,90
538.366,122.796,90
537.185,124.41,90
535.955,125.987,90
534.713,127.554,90
533.471,129.122,90
532.229,130.69,90
531.052,132.305,90
529.953,133.975,90
528.853,135.646,90
527.829,137.363,90
526.828,139.094,90
525.826,140.826,90
524.825,142.557,90
523.818,144.285,90
522.754,145.978,90
521.69,147.672,90
520.626,149.366,90
519.471,150.988,90
518.105,152.449,90
516.739,153.91,90
515.373,155.371,90
514.024,156.848,90
512.687,158.335,90
511.349,159.822,90
510.011,161.308,90
508.673,162.795,90
507.336,164.282,90
505.86,165.623,90
504.3,166.874,90
502.74,168.126,90
501.18,169.378,90
499.62,170.629,90
498.06,171.881,90
496.393,172.968,90
494.614,173.881,90
492.835,174.794,90
491.056,175.707,90
489.276,176.621,90
487.497,177.534,90
485.68,178.363,90
483.809,179.069,90
481.938,179.776,90
480.067,180.482,90
478.196,181.188,90
476.236,181.584,90
474.274,181.974,90
472.313,182.364,90
470.351,182.753,90
468.389,183.143,90
466.41,183.396,90
464.413,183.511,90
462.417,183.625,90
460.42,183.74,90
458.423,183.855,90
456.437,183.659,90
454.453,183.408,90
452.469,183.158,90
450.645,182.402,90
448.88,181.461,90
447.13,180.499,90
445.576,179.239,90
444.03,177.975,90
443.386,176.081,90
442.813,174.174,90
442.716,172.177,90
442.857,170.188,90
443.113,168.205,90
443.518,166.25,90
444.023,164.315,90
444.551,162.387,90
445.238,160.509,90
445.925,158.631,90
446.843,156.867,90
447.921,155.182,90
448.97,153.479,90
449.994,151.761,90
451.189,150.167,90
452.498,148.655,90
453.807,147.142,90
455.212,145.719,90
456.618,144.297,90
458.026,142.876,90
459.444,141.467,90
460.863,140.057,90
462.282,138.647,90
463.7,137.237,90
465.153,135.863,90
466.618,134.502,90
468.084,133.141,90
469.55,131.781,90
471.016,130.42,90
472.485,129.063,90
473.957,127.709,90
475.428,126.354,90
486.296,323.008,90
487.97,321.914,90
489.643,320.818,90
491.099,319.447,90
492.554,318.075,90
494.01,316.703,90
495.465,315.332,90
496.921,313.96,90
498.376,312.588,90
499.832,311.217,90
501.287,309.845,90
502.743,308.473,90
504.198,307.102,90
505.654,305.73,90
507.11,304.358,90
508.565,302.987,90
509.849,301.454,90
511.134,299.92,90
512.418,298.387,90
513.702,296.854,90
514.986,295.321,90
516.271,293.788,90
517.555,292.254,90
518.839,290.721,90
520.123,289.188,90
521.409,287.656,90
522.7,286.128,90
523.991,284.601,90
525.282,283.073,90
526.573,281.546,90
527.716,279.908,90
528.809,278.233,90
529.903,276.559,90
530.996,274.884,90
532.089,273.209,90
533.183,271.535,90
534.276,269.86,90
535.254,268.119,90
536.16,266.335,90
537.065,264.552,90
537.97,262.769,90
538.875,260.985,90
539.78,259.202,90
540.677,257.414,90
541.42,255.557,90
542.162,253.7,90
542.905,251.843,90
543.647,249.986,90
544.39,248.129,90
545.132,246.272,90
545.875,244.415,90
546.618,242.558,90
547.271,240.672,90
547.771,238.736,90
548.271,236.799,90
548.771,234.862,90
549.27,232.926,90
549.77,230.989,90
550.27,229.053,90
550.683,227.099,90
550.96,225.118,90
551.237,223.138,90
551.515,221.157,90
551.689,219.168,90
551.732,217.168,90
551.724,215.172,90
551.458,213.19,90
551.191,211.207,90
550.801,209.255,90
550.138,207.368,90
549.475,205.481,90
548.812,203.594,90
548.101,201.729,90
547.131,199.98,90
546.16,198.231,90
545.19,196.482,90
544.035,194.865,90
542.698,193.378,90
541.36,191.891,90
540.022,190.405,90
538.663,188.942,90
536.989,187.849,90
535.315,186.755,90
533.631,185.683,90
531.69,185.201,90
529.749,184.718,90
527.808,184.236,90
525.811,184.205,90
523.811,184.199,90
521.811,184.194,90
519.811,184.189,90
517.811,184.183,90
515.827,184.312,90
513.887,184.797,90
511.947,185.282,90
510.006,185.766,90
508.127,186.406,90
506.385,187.387,90
504.642,188.368,90
502.97,189.45,90
501.458,190.76,90
499.947,192.069,90
498.435,193.379,90
496.923,194.688,90
495.464,196.054,90
494.045,197.464,90
492.627,198.874,90
491.208,200.283,90
489.961,201.831,90
488.884,203.516,90
487.807,205.202,90
486.73,206.887,90
485.653,208.572,90
484.576,210.258,90
483.443,211.906,90
482.31,213.554,90
481.177,215.202,90
480.044,216.85,90
478.911,218.498,90
477.778,220.146,90
476.556,221.726,90
475.261,223.251,90
473.967,224.776,90
472.672,226.3,90
471.31,227.764,90
469.945,229.226,90
468.581,230.688,90
467.216,232.15,90
465.851,233.612,90
464.486,235.074,90
463.122,236.536,90
461.713,237.954,90
460.251,239.319,90
458.79,240.685,90
457.328,242.05,90
455.867,243.415,90
454.405,244.781,90
452.944,246.146,90
451.38,247.392,90
449.809,248.629,90
448.237,249.866,90
446.665,251.103,90
445.063,252.293,90
443.296,253.231,90
441.53,254.168,90
439.763,255.106,90
437.997,256.044,90
436.232,256.985,90
434.468,257.928,90
432.704,258.87,90
430.94,259.813,90
429.176,260.755,90
427.39,261.648,90
425.512,262.335,90
423.634,263.023,90
421.755,263.71,90
419.877,264.397,90
417.999,265.084,90
416.121,265.772,90
414.242,266.459,90
412.364,267.146,90
410.486,267.833,90
408.597,268.488,90
406.7,269.123,90
404.804,269.759,90
402.907,270.394,90
401.007,271.016,90
399.066,271.498,90
397.125,271.979,90
395.183,272.461,90
393.242,272.942,90
391.301,273.424,90
389.36,273.905,90
387.419,274.387,90
385.478,274.868,90
383.561,275.438,90
381.65,276.027,90
379.738,276.616,90
377.827,277.205,90
375.916,277.794,90
374.01,278.401,90
372.109,279.023,90
370.209,279.645,90
368.308,280.268,90
366.407,280.89,90
364.506,281.512,90
362.706,282.378,90
360.917,283.272,90
359.128,284.166,90
357.36,285.093,90
355.797,286.341,90
354.234,287.59,90
352.689,288.859,90
351.197,290.191,90
349.706,291.523,90
348.309,292.939,90
347.175,294.586,90
346.041,296.234,90
345.407,298.106,90
344.926,300.047,90
344.673,302.022,90
344.572,304.02,90
344.541,306.016,90
344.713,308.009,90
344.901,309.998,90
345.439,311.924,90
345.978,313.85,90
346.704,315.706,90
347.562,317.513,90
348.42,319.32,90
349.309,321.111,90
350.23,322.886,90
351.194,324.635,90
352.357,326.262,90
353.52,327.889,90
354.855,329.372,90
356.251,330.805,90
357.694,332.184,90
359.293,333.385,90
360.891,334.587,90
362.49,335.789,90
364.254,336.724,90
366.039,337.627,90
367.823,338.53,90
369.608,339.433,90
371.422,340.269,90
373.286,340.995,90
375.15,341.721,90
377.013,342.446,90
378.946,342.959,90
380.883,343.456,90
382.82,343.953,90
384.769,344.388,90
386.757,344.606,90
388.745,344.823,90
390.733,345.04,90
392.721,345.257,90
394.718,345.366,90
396.716,345.458,90
398.714,345.55,90
400.712,345.643,90
402.709,345.735,90
404.708,345.801,90
406.708,345.817,90
408.708,345.832,90
410.707,345.809,90
412.704,345.708,90
414.702,345.608,90
416.699,345.503,90
418.69,345.316,90
420.682,345.128,90
422.673,344.941,90
424.653,344.664,90
426.63,344.361,90
428.607,344.059,90
430.584,343.756,90
432.54,343.341,90
434.497,342.926,90
436.453,342.512,90
438.41,342.097,90
440.363,341.669,90
442.296,341.154,90
444.228,340.639,90
446.161,340.124,90
448.094,339.609,90
450.01,339.039,90
451.918,338.438,90
453.825,337.837,90
455.733,337.236,90
457.64,336.635,90
459.516,335.94,90
461.391,335.245,90
463.266,334.55,90
465.142,333.855,90
466.995,333.105,90
468.818,332.284,90
470.642,331.463,90
472.466,330.642,90
474.289,329.821,90
476.062,328.899,90
477.806,327.919,90
479.549,326.939,90
481.293,325.96,90
483.036,324.98,90
478.002,304.978,100
479.736,303.983,100
481.288,302.742,100
482.739,301.365,100
484.189,299.988,100
485.64,298.611,100
487.09,297.234,100
488.54,295.856,100
489.991,294.479,100
491.441,293.102,100
492.892,291.725,100
494.32,290.326,100
495.708,288.887,100
497.097,287.447,100
498.485,286.008,100
499.874,284.568,100
501.263,283.129,100
502.651,281.689,100
503.836,280.079,100
505.009,278.459,100
506.181,276.839,100
507.354,275.219,100
508.527,273.599,100
509.679,271.965,100
510.712,270.252,100
511.744,268.539,100
512.776,266.826,100
513.808,265.113,100
514.841,263.4,100
515.793,261.644,100
516.661,259.842,100
517.528,258.04,100
518.396,256.238,100
519.263,254.436,100
519.862,252.533,100
520.394,250.605,100
520.926,248.677,100
521.457,246.749,100
521.943,244.811,100
522.293,242.842,100
522.642,240.872,100
522.991,238.903,100
522.906,236.938,100
522.52,234.976,100
521.863,233.088,100
521.188,231.205,100
520.497,229.331,100
519.242,227.774,100
517.987,226.217,100
516.733,224.659,100
515.198,223.403,100
513.553,222.265,100
511.845,221.284,100
509.871,220.963,100
507.902,220.798,100
505.952,221.245,100
504.003,221.691,100
502.284,222.706,100
500.577,223.747,100
498.869,224.787,100
497.349,226.07,100
495.922,227.471,100
494.496,228.873,100
493.069,230.275,100
491.643,231.677,100
490.312,233.152,100
489.309,234.883,100
488.307,236.614,100
487.305,238.345,100
486.303,240.076,100
485.273,241.79,100
484.22,243.49,100
483.166,245.19,100
482.113,246.89,100
481.059,248.59,100
479.987,250.279,100
478.909,251.963,100
477.828,253.646,100
476.578,255.207,100
475.329,256.768,100
474.063,258.316,100
472.641,259.722,100
471.219,261.128,100
469.796,262.534,100
468.374,263.94,100
466.952,265.346,100
465.445,266.659,100
463.9,267.929,100
462.356,269.2,100
460.811,270.47,100
459.219,271.676,100
457.538,272.759,100
455.857,273.843,100
454.176,274.927,100
452.495,276.011,100
450.764,277.006,100
448.973,277.895,100
447.182,278.785,100
445.391,279.675,100
443.596,280.558,100
441.744,281.313,100
439.892,282.068,100
438.04,282.823,100
436.188,283.578,100
434.336,284.333,100
432.484,285.088,100
430.61,285.782,100
428.703,286.383,100
426.795,286.984,100
424.888,287.585,100
422.98,288.186,100
421.072,288.787,100
419.165,289.388,100
417.257,289.989,100
415.337,290.549,100
413.414,291.098,100
411.491,291.647,100
409.568,292.197,100
407.645,292.746,100
405.684,293.136,100
403.721,293.521,100
401.758,293.905,100
399.78,294.193,100
397.796,294.443,100
395.811,294.692,100
393.827,294.941,100
391.842,295.191,100
389.876,295.521,100
387.969,296.126,100
386.063,296.73,100
384.157,297.335,100
382.312,298.1,100
380.498,298.941,100
378.684,299.783,100
377.025,300.879,100
375.446,302.107,100
373.874,303.343,100
372.409,304.704,100
370.973,306.093,100
369.701,307.637,100
368.429,309.18,100
368.185,311.165,100
367.94,313.15,100
368.184,315.095,100
368.746,317.015,100
369.309,318.934,100
370.466,320.536,100
371.748,322.07,100
373.03,323.605,100
374.561,324.874,100
376.184,326.042,100
377.807,327.21,100
379.581,328.115,100
381.413,328.917,100
383.245,329.719,100
385.077,330.521,100
386.966,331.14,100
388.932,331.503,100
390.899,331.866,100
392.866,332.228,100
394.848,332.452,100
396.847,332.52,100
398.846,332.589,100
400.844,332.657,100
402.844,332.66,100
404.844,332.63,100
406.843,332.6,100
408.843,332.569,100
410.839,332.473,100
412.828,332.26,100
414.816,332.047,100
416.805,331.834,100
418.793,331.621,100
420.782,331.408,100
422.709,330.887,100
424.625,330.315,100
426.542,329.744,100
428.458,329.172,100
430.371,328.589,100
432.277,327.981,100
434.182,327.372,100
436.087,326.764,100
437.993,326.156,100
439.874,325.482,100
441.716,324.703,100
443.558,323.925,100
445.4,323.146,100
447.242,322.367,100
449.066,321.546,100
450.884,320.714,100
452.703,319.881,100
454.522,319.049,100
456.34,318.217,100
458.122,317.312,100
459.864,316.33,100
461.606,315.348,100
463.349,314.366,100
465.091,313.384,100
466.768,312.295,100
468.436,311.192,100
470.105,310.09,100
471.774,308.987,100
473.443,307.885,100
475.111,306.782,100
945.874,294.043,75
943.953,294.601,75
942.032,295.159,75
940.112,295.717,75
938.191,296.275,75
936.271,296.833,75
934.47,297.702,75
932.669,298.573,75
930.869,299.444,75
929.069,300.315,75
927.268,301.186,75
925.469,302.061,75
923.705,303.002,75
921.94,303.943,75
920.176,304.885,75
918.411,305.826,75
916.647,306.768,75
914.882,307.709,75
913.118,308.651,75
911.425,309.708,75
909.806,310.882,75
908.187,312.055,75
906.567,313.229,75
904.948,314.403,75
903.328,315.576,75
901.727,316.773,75
900.222,318.09,75
898.717,319.407,75
897.212,320.724,75
895.707,322.041,75
894.202,323.358,75
892.749,324.732,75
891.312,326.123,75
889.876,327.515,75
888.439,328.906,75
887.003,330.298,75
885.566,331.69,75
884.13,333.081,75
882.701,334.48,75
881.406,336.004,75
880.111,337.528,75
878.816,339.052,75
877.52,340.576,75
876.225,342.1,75
874.93,343.624,75
873.689,345.191,75
872.483,346.787,75
871.277,348.382,75
870.071,349.978,75
868.865,351.573,75
867.659,353.169,75
866.453,354.764,75
865.346,356.43,75
864.242,358.098,75
863.139,359.766,75
862.036,361.434,75
860.932,363.102,75
859.829,364.77,75
858.726,366.439,75
857.623,368.107,75
856.519,369.775,75
855.431,371.453,75
854.373,373.15,75
853.315,374.848,75
852.258,376.545,75
851.2,378.242,75
850.142,379.939,75
849.084,381.637,75
848.026,383.334,75
846.968,385.031,75
845.91,386.729,75
844.852,388.426,75
843.794,390.123,75
842.838,391.878,75
841.921,393.656,75
841.005,395.433,75
840.088,397.211,75
839.172,398.989,75
838.255,400.766,75
837.339,402.544,75
836.422,404.322,75
835.506,406.099,75
834.589,407.877,75
833.673,409.655,75
832.756,411.432,75
831.84,413.21,75
830.927,414.99,75
830.036,416.78,75
829.145,418.571,75
828.254,420.361,75
827.363,422.152,75
826.472,423.942,75
825.581,425.733,75
824.69,427.523,75
823.799,429.314,75
822.908,431.105,75
822.017,432.895,75
821.126,434.686,75
820.259,436.488,75
819.414,438.301,75
818.569,440.113,75
817.724,441.926,75
816.879,443.739,75
816.034,445.551,75
815.189,447.364,75
814.344,449.177,75
813.499,450.99,75
812.654,452.802,75
811.956,454.67,75
811.396,456.59,75
810.836,458.51,75
810.276,460.43,75
809.716,462.35,75
809.156,464.27,75
808.597,466.19,75
808.037,468.111,75
807.567,470.052,75
807.208,472.019,75
806.849,473.987,75
806.49,475.954,75
806.132,477.922,75
805.773,479.89,75
805.414,481.857,75
805.055,483.825,75
804.776,485.805,75
804.512,487.787,75
804.248,489.77,75
803.984,491.752,75
803.881,493.746,75
803.859,495.746,75
803.837,497.746,75
803.815,499.746,75
803.794,501.746,75
803.772,503.746,75
803.826,505.744,75
803.926,507.742,75
804.027,509.739,75
804.127,511.737,75
804.469,513.7,75
804.928,515.646,75
805.387,517.593,75
805.846,519.54,75
806.282,521.491,75
806.705,523.446,75
807.157,525.393,75
807.795,527.288,75
808.433,529.184,75
809.135,531.056,75
809.883,532.911,75
810.703,534.728,75
811.778,536.415,75
812.852,538.102,75
813.926,539.789,75
815.033,541.455,75
816.174,543.097,75
817.315,544.74,75
818.457,546.382,75
819.598,548.025,75
820.739,549.667,75
821.901,551.294,75
823.178,552.833,75
824.455,554.372,75
825.732,555.912,75
827.009,557.451,75
828.196,559.06,75
829.375,560.675,75
830.554,562.291,75
831.733,563.906,75
832.912,565.522,75
834.212,567.039,75
835.554,568.522,75
836.897,570.004,75
838.239,571.487,75
839.581,572.97,75
840.938,574.439,75
842.3,575.904,75
843.662,577.368,75
845.024,578.833,75
846.385,580.298,75
847.746,581.764,75
849.104,583.232,75
850.461,584.701,75
851.819,586.169,75
853.177,587.638,75
854.534,589.107,75
855.892,590.575,75
857.25,592.044,75
858.567,593.548,75
859.882,595.055,75
861.198,596.562,75
862.513,598.069,75
863.828,599.575,75
865.145,601.081,75
866.476,602.573,75
867.807,604.066,75
869.139,605.558,75
870.47,607.05,75
871.802,608.543,75
873.142,610.027,75
874.576,611.421,75
876.01,612.816,75
877.443,614.21,75
878.877,615.604,75
880.311,616.999,75
881.745,618.393,75
883.182,619.783,75
884.666,621.125,75
886.149,622.466,75
887.633,623.807,75
889.116,625.149,75
824.902,177.163,70
824.54,179.13,70
824.178,181.097,70
823.816,183.064,70
823.454,185.031,70
823.093,186.998,70
822.88,188.984,70
822.718,190.978,70
822.557,192.971,70
822.396,194.965,70
822.234,196.958,70
822.207,198.953,70
822.327,200.95,70
822.446,202.946,70
822.566,204.942,70
822.686,206.939,70
822.925,208.917,70
823.418,210.855,70
823.911,212.793,70
824.404,214.731,70
824.897,216.67,70
825.684,218.492,70
826.65,220.243,70
827.617,221.994,70
828.583,223.745,70
829.549,225.496,70
830.845,227.014,70
832.175,228.508,70
833.504,230.002,70
834.834,231.496,70
836.164,232.99,70
837.522,234.452,70
839.157,235.604,70
840.791,236.756,70
842.426,237.909,70
844.061,239.061,70
845.696,240.213,70
847.523,241,70
849.397,241.698,70
851.272,242.395,70
853.146,243.092,70
855.021,243.79,70
856.906,244.45,70
858.852,244.914,70
860.797,245.377,70
862.743,245.841,70
864.688,246.304,70
866.634,246.768,70
868.633,246.824,70
870.633,246.843,70
872.633,246.83,70
874.633,246.818,70
876.633,246.806,70
878.633,246.794,70
880.633,246.782,70
882.627,246.635,70
884.621,246.484,70
886.615,246.332,70
888.601,246.112,70
890.574,245.78,70
892.546,245.448,70
894.503,245.048,70
896.424,244.492,70
898.345,243.937,70
900.251,243.334,70
902.13,242.648,70
904.008,241.961,70
905.887,241.275,70
907.765,240.588,70
909.586,239.772,70
911.351,238.831,70
913.115,237.89,70
914.88,236.949,70
916.645,236.008,70
918.387,235.027,70
920.117,234.023,70
921.847,233.019,70
923.576,232.015,70
925.306,231.011,70
927.014,229.972,70
928.67,228.85,70
930.325,227.728,70
931.981,226.606,70
933.636,225.484,70
935.282,224.347,70
936.92,223.2,70
938.558,222.053,70
940.197,220.905,70
941.817,219.735,70
943.303,218.396,70
944.788,217.058,70
946.274,215.719,70
684.016,696.86,70
682.661,695.389,70
681.305,693.918,70
679.95,692.448,70
678.595,690.977,70
677.239,689.506,70
675.884,688.035,70
674.529,686.565,70
673.174,685.094,70
671.818,683.623,70
670.463,682.152,70
669.108,680.682,70
667.754,679.209,70
666.431,677.709,70
665.108,676.209,70
663.786,674.709,70
662.463,673.209,70
661.141,671.708,70
659.818,670.208,70
658.495,668.708,70
657.173,667.208,70
655.85,665.708,70
654.527,664.207,70
653.205,662.707,70
651.882,661.207,70
650.559,659.707,70
649.237,658.207,70
647.933,656.69,70
646.631,655.171,70
645.33,653.653,70
644.029,652.134,70
642.727,650.615,70
641.426,649.096,70
640.125,647.578,70
638.824,646.059,70
637.522,644.54,70
636.221,643.021,70
634.92,641.503,70
633.618,639.984,70
632.317,638.465,70
631.016,636.946,70
629.714,635.428,70
628.413,633.909,70
627.112,632.39,70
625.811,630.871,70
624.489,629.371,70
623.115,627.918,70
621.741,626.465,70
620.366,625.012,70
618.992,623.558,70
617.618,622.105,70
616.244,620.652,70
614.869,619.199,70
613.495,617.746,70
612.121,616.293,70
610.746,614.84,70
609.372,613.387,70
607.998,611.934,70
606.622,610.482,70
605.174,609.103,70
603.726,607.724,70
602.277,606.345,70
600.829,604.965,70
599.38,603.586,70
597.932,602.207,70
596.479,600.833,70
594.925,599.575,70
593.37,598.316,70
591.815,597.058,70
590.261,595.8,70
588.706,594.542,70
587.136,593.303,70
585.538,592.1,70
583.94,590.898,70
582.342,589.695,70
580.745,588.492,70
579.147,587.289,70
577.549,586.086,70
575.927,584.917,70
574.267,583.802,70
572.607,582.686,70
570.947,581.571,70
569.287,580.456,70
567.627,579.34,70
565.967,578.225,70
564.306,577.109,70
562.646,575.994,70
560.936,574.96,70
559.199,573.967,70
557.463,572.974,70
555.727,571.981,70
553.991,570.989,70
552.255,569.996,70
550.519,569.003,70
548.766,568.04,70
546.986,567.129,70
545.206,566.218,70
543.425,565.306,70
541.645,564.395,70
539.865,563.484,70
538.084,562.573,70
536.267,561.741,70
534.427,560.957,70
532.586,560.174,70
530.746,559.39,70
528.906,558.607,70
527.066,557.823,70
525.226,557.04,70
523.355,556.336,70
521.461,555.693,70
519.567,555.051,70
517.673,554.408,70
515.779,553.765,70
513.886,553.123,70
511.973,552.547,70
510.018,552.126,70
508.063,551.705,70
506.107,551.285,70
504.152,550.864,70
502.197,550.444,70
500.207,550.258,70
498.214,550.096,70
496.22,549.934,70
494.227,549.773,70
492.233,549.611,70
490.24,549.449,70
488.26,549.5,70
486.306,549.924,70
484.351,550.347,70
482.432,550.877,70
480.618,551.718,70
478.804,552.56,70
477.216,553.776,70
475.629,554.994,70
474.366,556.485,70
473.427,558.251,70
472.803,560.123,70
472.479,562.097,70
472.356,564.082,70
472.458,566.079,70
472.559,568.077,70
472.733,570.064,70
473.151,572.02,70
473.754,573.922,70
474.459,575.793,70
475.164,577.665,70
476.007,579.472,70
477.002,581.207,70
477.996,582.942,70
478.99,584.678,70
480.002,586.403,70
481.07,588.093,70
482.138,589.784,70
483.206,591.475,70
484.274,593.166,70
485.492,594.751,70
486.729,596.323,70
487.966,597.895,70
489.203,599.466,70
490.439,601.038,70
491.676,602.609,70
492.913,604.181,70
494.279,605.642,70
495.646,607.102,70
497.012,608.563,70
498.379,610.023,70
499.745,611.484,70
501.111,612.944,70
502.478,614.405,70
503.875,615.835,70
505.281,617.258,70
506.686,618.681,70
508.091,620.104,70
509.497,621.527,70
510.926,622.925,70
512.438,624.233,70
513.951,625.542,70
515.463,626.851,70
516.975,628.16,70
518.488,629.468,70
520,630.777,70
521.518,632.079,70
523.037,633.38,70
524.556,634.681,70
526.075,635.982,70
527.595,637.283,70
529.114,638.584,70
530.633,639.885,70
532.152,641.185,70
533.678,642.479,70
535.211,643.762,70
536.745,645.046,70
538.279,646.329,70
539.813,647.613,70
541.347,648.896,70
542.881,650.18,70
544.414,651.463,70
545.961,652.731,70
547.53,653.971,70
549.099,655.212,70
550.667,656.453,70
552.236,657.693,70
553.804,658.934,70
555.373,660.175,70
556.942,661.416,70
558.51,662.656,70
560.079,663.897,70
561.656,665.127,70
563.279,666.295,70
564.902,667.463,70
566.526,668.632,70
568.149,669.8,70
569.773,670.968,70
571.396,672.136,70
573.02,673.304,70
574.647,674.466,70
576.31,675.577,70
577.973,676.688,70
579.636,677.8,70
581.299,678.911,70
582.962,680.022,70
584.624,681.133,70
586.287,682.245,70
587.95,683.356,70
589.608,684.475,70
591.254,685.611,70
592.9,686.747,70
594.546,687.883,70
596.192,689.019,70
597.838,690.155,70
599.485,691.29,70
601.173,692.363,70
602.86,693.436,70
604.548,694.509,70
606.236,695.582,70
607.924,696.654,70
609.612,697.727,70
521.585,624.773,80
523.069,626.114,80
524.546,627.462,80
526.02,628.814,80
527.495,630.165,80
528.969,631.516,80
530.443,632.868,80
531.918,634.219,80
533.459,635.493,80
535.012,636.753,80
536.565,638.014,80
538.117,639.274,80
539.67,640.535,80
541.223,641.795,80
542.776,643.056,80
544.375,644.257,80
545.977,645.454,80
547.58,646.651,80
549.182,647.848,80
550.804,649.013,80
552.554,649.982,80
554.303,650.951,80
556.053,651.92,80
557.803,652.889,80
559.552,653.858,80
561.302,654.827,80
563.094,655.7,80
564.983,656.36,80
566.871,657.019,80
568.769,657.644,80
570.724,658.066,80
572.679,658.488,80
574.651,658.777,80
576.649,658.882,80
578.646,658.987,80
580.592,658.589,80
582.527,658.085,80
584.418,657.466,80
586.179,656.518,80
587.882,655.497,80
589.214,654.005,80
590.545,652.512,80
591.287,650.666,80
591.977,648.789,80
592.667,646.912,80
592.773,644.925,80
592.809,642.926,80
592.845,640.926,80
592.881,638.926,80
592.629,636.945,80
592.332,634.968,80
592.035,632.99,80
591.738,631.012,80
591.434,629.036,80
590.745,627.158,80
590.056,625.281,80
589.367,623.403,80
588.609,621.554,80
587.797,619.726,80
586.986,617.898,80
586.175,616.07,80
585.363,614.242,80
584.301,612.558,80
583.127,610.939,80
581.952,609.32,80
580.746,607.728,80
579.341,606.305,80
577.936,604.882,80
576.53,603.459,80
575.125,602.036,80
573.72,600.613,80
572.314,599.19,80
570.909,597.767,80
569.5,596.348,80
568.085,594.934,80
566.67,593.52,80
565.256,592.106,80
563.841,590.693,80
562.427,589.279,80
561.012,587.865,80
559.548,586.508,80
557.933,585.329,80
556.319,584.149,80
554.704,582.969,80
553.089,581.789,80
551.474,580.609,80
549.805,579.507,80
548.134,578.407,80
546.464,577.307,80
544.794,576.207,80
543.118,575.117,80
541.343,574.196,80
539.568,573.274,80
537.792,572.353,80
536.017,571.431,80
534.242,570.51,80
532.436,569.665,80
530.523,569.083,80
528.609,568.501,80
526.646,568.132,80
524.672,567.815,80
522.697,567.497,80
520.722,567.18,80
518.748,566.862,80
516.773,566.547,80
514.778,566.397,80
512.784,566.246,80
510.79,566.096,80
508.795,565.945,80
506.804,565.964,80
504.817,566.189,80
502.83,566.415,80
501.091,567.375,80
499.388,568.423,80
497.722,569.529,80
496.055,570.634,80
494.629,571.992,80
493.447,573.606,80
492.56,575.369,80
492.079,577.293,80
492.128,579.292,80
492.177,581.291,80
492.227,583.291,80
492.639,585.233,80
493.206,587.151,80
493.772,589.069,80
494.441,590.945,80
495.397,592.701,80
496.353,594.458,80
497.309,596.215,80
498.4,597.885,80
499.601,599.485,80
500.801,601.084,80
502.002,602.684,80
503.202,604.283,80
504.403,605.883,80
505.625,607.466,80
506.907,609,80
508.19,610.534,80
509.473,612.069,80
510.756,613.603,80
512.039,615.137,80
513.394,616.606,80
514.799,618.029,80
516.205,619.452,80
517.61,620.876,80
519.015,622.299,80
514.797,584.191,90
513.638,585.819,90
512.593,587.515,90
511.823,589.361,90
511.313,591.282,90
511.064,593.26,90
511.083,595.26,90
511.25,597.24,90
511.765,599.173,90
512.281,601.105,90
513.037,602.956,90
513.802,604.804,90
514.773,606.549,90
515.795,608.268,90
516.817,609.987,90
517.972,611.618,90
519.151,613.234,90
520.381,614.81,90
521.663,616.344,90
522.946,617.879,90
524.328,619.321,90
525.766,620.71,90
527.205,622.1,90
528.644,623.489,90
530.083,624.878,90
531.521,626.267,90
532.96,627.656,90
534.404,629.041,90
535.912,630.353,90
537.421,631.666,90
538.93,632.979,90
540.439,634.292,90
541.963,635.585,90
543.569,636.777,90
545.167,637.98,90
546.731,639.226,90
548.391,640.338,90
550.089,641.394,90
551.873,642.286,90
553.708,643.083,90
555.623,643.617,90
557.588,643.987,90
559.542,644.414,90
561.493,644.852,90
563.48,644.974,90
565.479,644.951,90
567.441,644.664,90
569.319,643.98,90
571.088,643.094,90
572.56,641.74,90
573.845,640.222,90
574.732,638.44,90
575.229,636.502,90
575.294,634.503,90
575.25,632.511,90
574.954,630.533,90
574.568,628.574,90
574.042,626.644,90
573.516,624.715,90
572.862,622.828,90
572.118,620.972,90
571.373,619.116,90
570.533,617.305,90
569.535,615.573,90
568.536,613.84,90
567.529,612.112,90
566.412,610.453,90
565.296,608.794,90
564.179,607.134,90
563.025,605.503,90
561.725,603.984,90
560.425,602.464,90
559.125,600.944,90
557.739,599.505,90
556.307,598.108,90
554.875,596.712,90
553.405,595.358,90
551.876,594.069,90
550.347,592.779,90
548.819,591.49,90
547.29,590.2,90
545.676,589.03,90
543.964,587.995,90
542.253,586.96,90
540.541,585.925,90
538.731,585.09,90
536.871,584.354,90
535.011,583.618,90
533.152,582.883,90
531.222,582.358,90
529.237,582.214,90
527.238,582.176,90
525.238,582.139,90
523.239,582.101,90
521.239,582.063,90
519.239,582.025,90
517.369,582.727,90
