504.319,35.524,0.5
504.135,37.515,0.5
503.951,39.507,0.5
503.757,41.497,0.5
503.45,43.473,0.5
503.143,45.449,0.5
502.836,47.426,0.5
502.549,49.405,0.5
502.263,51.385,0.5
501.959,53.361,0.5
501.56,55.321,0.5
501.16,57.28,0.5
500.45,59.15,0.5
499.736,61.018,0.5
499.137,62.926,0.5
498.552,64.838,0.5
497.966,66.75,0.5
497.35,68.65,0.5
496.342,70.377,0.5
495.333,72.104,0.5
494.325,73.831,0.5
493.316,75.558,0.5
492.142,77.176,0.5
490.959,78.789,0.5
489.768,80.395,0.5
488.427,81.878,0.5
487.085,83.361,0.5
485.743,84.844,0.5
484.341,86.267,0.5
482.858,87.609,0.5
481.374,88.951,0.5
479.884,90.284,0.5
478.373,91.595,0.5
476.863,92.906,0.5
475.352,94.216,0.5
473.773,95.439,0.5
472.133,96.584,0.5
470.494,97.73,0.5
468.854,98.875,0.5
467.064,99.765,0.5
465.268,100.646,0.5
463.473,101.527,0.5
461.677,102.408,0.5
459.851,103.221,0.5
458.016,104.017,0.5
456.181,104.812,0.5
454.306,105.507,0.5
452.417,106.162,0.5
450.527,106.817,0.5
448.637,107.47,0.5
446.72,108.043,0.5
444.804,108.616,0.5
442.888,109.189,0.5
440.958,109.707,0.5
439.003,110.131,0.5
437.049,110.555,0.5
435.094,110.979,0.5
433.145,111.425,0.5
431.198,111.882,0.5
429.251,112.34,0.5
427.303,112.797,0.5
425.347,113.19,0.5
423.352,113.339,0.5
421.358,113.487,0.5
419.363,113.636,0.5
417.367,113.748,0.5
415.368,113.835,0.5
413.37,113.923,0.5
411.372,114.01,0.5
409.374,114.068,0.5
407.376,113.977,0.5
405.378,113.887,0.5
403.38,113.797,0.5
401.382,113.711,0.5
399.384,113.629,0.5
397.386,113.548,0.5
395.387,113.466,0.5
393.406,113.208,0.5
391.427,112.914,0.5
389.449,112.619,0.5
387.471,112.325,0.5
385.521,111.896,0.5
383.591,111.37,0.5
381.662,110.843,0.5
379.733,110.316,0.5
377.803,109.789,0.5
375.874,109.263,0.5
374.016,108.528,0.5
372.173,107.751,0.5
370.33,106.974,0.5
368.509,106.158,0.5
366.869,105.013,0.5
365.229,103.869,0.5
363.589,102.724,0.5
362.099,101.394,0.5
360.634,100.032,0.5
359.17,98.669,0.5
357.706,97.307,0.5
356.431,95.771,0.5
355.2,94.195,0.5
353.983,92.61,0.5
353.026,90.853,0.5
352.07,89.097,0.5
351.2,87.298,0.5
350.399,85.465,0.5
349.598,83.632,0.5
348.854,81.777,0.5
348.158,79.902,0.5
347.506,78.015,0.5
347.13,76.05,0.5
346.753,74.086,0.5
346.53,72.1,0.5
346.356,70.108,0.5
346.254,68.113,0.5
346.277,66.113,0.5
346.301,64.113,0.5
346.615,62.142,0.5
347.06,60.193,0.5
347.556,58.257,0.5
348.317,56.407,0.5
349.078,54.557,0.5
349.955,52.763,0.5
599.491,32.112,0.55
599.774,34.092,0.55
600.057,36.072,0.55
600.241,38.063,0.55
600.413,40.056,0.55
600.585,42.048,0.55
600.768,44.04,0.55
600.98,46.028,0.55
601.191,48.017,0.55
601.214,50.015,0.55
601.2,52.015,0.55
601.187,54.015,0.55
601.171,56.015,0.55
600.925,58,0.55
600.678,59.985,0.55
600.432,61.969,0.55
599.978,63.911,0.55
599.41,65.828,0.55
598.735,67.707,0.55
597.936,69.541,0.55
597.036,71.316,0.55
595.846,72.924,0.55
594.645,74.52,0.55
593.161,75.862,0.55
591.678,77.203,0.55
590.164,78.502,0.55
588.416,79.474,0.55
586.668,80.445,0.55
584.838,81.252,0.55
583.006,82.055,0.55
581.14,82.717,0.55
579.144,82.843,0.55
577.148,82.97,0.55
575.152,83.096,0.55
573.163,83.018,0.55
571.18,82.759,0.55
569.197,82.5,0.55
567.347,81.791,0.55
565.545,80.924,0.55
563.795,79.974,0.55
562.24,78.717,0.55
560.684,77.46,0.55
559.415,75.917,0.55
558.16,74.36,0.55
556.905,72.802,0.55
555.657,71.24,0.55
554.595,69.546,0.55
553.532,67.851,0.55
552.469,66.157,0.55
551.406,64.463,0.55
550.431,62.718,0.55
549.492,60.952,0.55
548.553,59.186,0.55
547.613,57.421,0.55
546.72,55.633,0.55
545.909,53.804,0.55
545.099,51.976,0.55
544.288,50.148,0.55
543.477,48.319,0.55
542.698,46.477,0.55
541.922,44.634,0.55
541.147,42.79,0.55
540.371,40.947,0.55
539.749,39.053,0.55
539.286,37.108,0.55
538.824,35.162,0.55
538.362,33.216,0.55
732.082,30.688,0.5
732.58,32.626,0.5
733.077,34.563,0.5
733.575,36.5,0.5
733.957,38.462,0.5
734.324,40.429,0.5
734.691,42.395,0.5
734.951,44.375,0.5
735.118,46.368,0.5
735.286,48.361,0.5
735.453,50.354,0.5
735.621,52.347,0.5
735.788,54.34,0.5
735.956,56.333,0.5
736.124,58.326,0.5
736.179,60.324,0.5
736.178,62.324,0.5
736.178,64.324,0.5
736.178,66.324,0.5
736.102,68.321,0.5
735.995,70.319,0.5
735.888,72.316,0.5
735.73,74.307,0.5
735.368,76.274,0.5
735.007,78.241,0.5
734.646,80.208,0.5
734.221,82.161,0.5
733.708,84.094,0.5
733.195,86.027,0.5
732.682,87.96,0.5
732.169,89.893,0.5
731.455,91.761,0.5
730.729,93.625,0.5
729.996,95.485,0.5
729.076,97.261,0.5
728.157,99.037,0.5
727.237,100.813,0.5
726.218,102.531,0.5
725.124,104.205,0.5
724.03,105.88,0.5
722.728,107.39,0.5
721.356,108.845,0.5
719.984,110.3,0.5
718.612,111.755,0.5
717.13,113.092,0.5
715.575,114.349,0.5
713.986,115.559,0.5
712.266,116.58,0.5
710.546,117.601,0.5
708.824,118.616,0.5
706.97,119.366,0.5
705.115,120.115,0.5
703.261,120.864,0.5
701.355,121.451,0.5
699.409,121.913,0.5
697.463,122.375,0.5
695.486,122.65,0.5
693.495,122.839,0.5
691.504,122.922,0.5
689.514,122.727,0.5
687.523,122.532,0.5
685.605,121.982,0.5
683.697,121.382,0.5
681.79,120.782,0.5
679.882,120.181,0.5
677.974,119.581,0.5
676.173,118.716,0.5
674.381,117.827,0.5
672.59,116.938,0.5
670.798,116.05,0.5
669.006,115.161,0.5
667.306,114.119,0.5
665.677,112.959,0.5
664.048,111.799,0.5
662.418,110.639,0.5
660.789,109.479,0.5
659.252,108.201,0.5
657.728,106.906,0.5
656.204,105.611,0.5
654.68,104.316,0.5
653.261,102.917,0.5
651.989,101.374,0.5
650.717,99.83,0.5
649.444,98.287,0.5
648.172,96.744,0.5
646.963,95.156,0.5
645.924,93.447,0.5
644.886,91.738,0.5
643.847,90.029,0.5
642.808,88.319,0.5
641.77,86.61,0.5
640.777,84.875,0.5
639.83,83.113,0.5
638.884,81.351,0.5
637.937,79.589,0.5
637.135,77.76,0.5
636.386,75.906,0.5
635.637,74.051,0.5
634.888,72.197,0.5
634.172,70.33,0.5
633.499,68.446,0.5
632.826,66.563,0.5
632.153,64.679,0.5
631.556,62.771,0.5
630.996,60.851,0.5
630.527,58.907,0.5
630.065,56.961,0.5
629.604,55.015,0.5
629.142,53.069,0.5
628.721,51.114,0.5
628.313,49.156,0.5
627.905,47.198,0.5
627.497,45.241,0.5
627.089,43.283,0.5
626.735,41.314,0.5
626.396,39.343,0.5
626.058,37.372,0.5
625.719,35.401,0.5
819.998,65.41,0
818.004,65.567,0
816.01,65.724,0
814.016,65.881,0
812.022,66.038,0
810.028,66.195,0
808.034,66.158,0
806.039,66.019,0
804.043,65.88,0
802.093,65.459,0
800.155,64.966,0
798.217,64.473,0
796.279,63.98,0
794.395,63.368,0
792.752,62.227,0
791.11,61.086,0
789.467,59.944,0
788.035,58.563,0
786.685,57.087,0
785.334,55.612,0
784.055,54.082,0
782.969,52.402,0
781.883,50.723,0
780.797,49.043,0
779.711,47.364,0
778.87,45.556,0
778.101,43.71,0
777.331,41.864,0
776.561,40.018,0
776.008,38.107,0
775.631,36.142,0
775.254,34.178,0
774.877,32.214,0
799.565,156.17,0.55
797.59,156.484,0.55
795.615,156.798,0.55
793.639,157.112,0.55
791.664,157.426,0.55
789.687,157.722,0.55
787.7,157.95,0.55
785.713,158.177,0.55
783.725,158.404,0.55
781.738,158.631,0.55
779.751,158.858,0.55
777.762,159.066,0.55
775.771,159.256,0.55
773.78,159.447,0.55
771.789,159.637,0.55
769.799,159.827,0.55
767.808,160.018,0.55
765.813,160.157,0.55
763.816,160.26,0.55
761.818,160.363,0.55
759.821,160.465,0.55
757.824,160.568,0.55
755.826,160.671,0.55
753.829,160.773,0.55
751.831,160.876,0.55
749.833,160.949,0.55
747.834,160.999,0.55
745.834,161.048,0.55
743.835,161.098,0.55
741.835,161.148,0.55
739.836,161.197,0.55
737.837,161.247,0.55
735.837,161.296,0.55
733.838,161.321,0.55
731.839,161.27,0.55
729.839,161.219,0.55
727.84,161.169,0.55
725.84,161.118,0.55
723.841,161.067,0.55
721.842,161.016,0.55
719.842,160.965,0.55
717.844,160.9,0.55
715.849,160.756,0.55
713.854,160.612,0.55
711.859,160.469,0.55
709.864,160.325,0.55
707.874,160.129,0.55
705.885,159.924,0.55
703.895,159.719,0.55
701.906,159.514,0.55
699.916,159.309,0.55
697.927,159.105,0.55
695.937,158.9,0.55
693.948,158.695,0.55
691.956,158.525,0.55
689.958,158.436,0.55
687.96,158.346,0.55
685.962,158.256,0.55
683.964,158.167,0.55
681.966,158.077,0.55
679.968,157.987,0.55
677.97,157.898,0.55
675.972,157.815,0.55
673.973,157.734,0.55
671.975,157.653,0.55
669.976,157.573,0.55
667.978,157.492,0.55
665.98,157.411,0.55
663.981,157.33,0.55
661.983,157.249,0.55
659.985,157.169,0.55
657.986,157.088,0.55
655.988,157.007,0.55
653.989,156.926,0.55
651.991,156.837,0.55
649.994,156.744,0.55
647.996,156.65,0.55
645.998,156.557,0.55
644,156.464,0.55
642.002,156.37,0.55
640.005,156.277,0.55
638.007,156.184,0.55
636.009,156.09,0.55
634.011,155.994,0.55
632.014,155.889,0.55
630.017,155.784,0.55
628.019,155.68,0.55
626.022,155.575,0.55
624.025,155.47,0.55
622.028,155.365,0.55
620.03,155.261,0.55
618.033,155.156,0.55
616.036,155.051,0.55
614.038,154.982,0.55
612.038,154.957,0.55
610.038,154.933,0.55
608.038,154.908,0.55
606.038,154.884,0.55
604.038,154.859,0.55
602.038,154.835,0.55
600.039,154.81,0.55
598.039,154.784,0.55
596.041,154.691,0.55
594.043,154.598,0.55
592.045,154.504,0.55
590.047,154.411,0.55
588.05,154.318,0.55
586.052,154.225,0.55
584.054,154.132,0.55
582.057,154.029,0.55
580.059,153.923,0.55
578.062,153.817,0.55
576.065,153.712,0.55
574.068,153.606,0.55
572.071,153.5,0.55
570.073,153.394,0.55
568.076,153.293,0.55
566.076,153.281,0.55
564.076,153.27,0.55
562.076,153.258,0.55
560.076,153.247,0.55
558.077,153.296,0.55
556.079,153.373,0.55
554.08,153.451,0.55
552.082,153.529,0.55
550.083,153.606,0.55
548.085,153.684,0.55
546.086,153.762,0.55
544.089,153.859,0.55
542.093,153.988,0.55
540.097,154.117,0.55
538.101,154.246,0.55
536.105,154.374,0.55
534.11,154.503,0.55
532.114,154.632,0.55
530.119,154.769,0.55
528.126,154.94,0.55
526.133,155.112,0.55
524.141,155.283,0.55
522.148,155.454,0.55
520.155,155.625,0.55
518.163,155.796,0.55
516.171,155.976,0.55
514.179,156.162,0.55
512.188,156.348,0.55
510.197,156.534,0.55
508.205,156.721,0.55
506.214,156.907,0.55
504.223,157.093,0.55
502.232,157.279,0.55
500.24,157.466,0.55
498.249,157.652,0.55
496.259,157.851,0.55
494.272,158.077,0.55
492.285,158.303,0.55
490.297,158.529,0.55
488.31,158.755,0.55
486.323,158.98,0.55
484.336,159.206,0.55
482.348,159.432,0.55
480.365,159.688,0.55
478.385,159.966,0.55
476.404,160.244,0.55
474.423,160.522,0.55
472.443,160.8,0.55
470.462,161.078,0.55
468.481,161.355,0.55
466.501,161.633,0.55
464.521,161.913,0.55
462.54,162.195,0.55
460.56,162.476,0.55
458.58,162.758,0.55
456.6,163.039,0.55
454.62,163.321,0.55
452.636,163.573,0.55
450.647,163.774,0.55
448.657,163.976,0.55
446.667,164.178,0.55
444.677,164.379,0.55
442.687,164.581,0.55
440.698,164.783,0.55
438.708,164.984,0.55
436.718,165.186,0.55
434.727,165.379,0.55
432.736,165.567,0.55
430.745,165.756,0.55
428.754,165.945,0.55
426.763,166.134,0.55
424.772,166.322,0.55
422.78,166.492,0.55
420.78,166.536,0.55
418.781,166.581,0.55
416.781,166.626,0.55
414.782,166.67,0.55
412.782,166.715,0.55
410.783,166.759,0.55
408.783,166.79,0.55
406.783,166.767,0.55
404.783,166.744,0.55
402.784,166.721,0.55
400.784,166.698,0.55
398.784,166.675,0.55
396.784,166.652,0.55
394.784,166.629,0.55
392.784,166.606,0.55
390.784,166.58,0.55
388.785,166.537,0.55
386.785,166.494,0.55
384.786,166.452,0.55
382.786,166.409,0.55
380.787,166.366,0.55
378.788,166.311,0.55
376.792,166.181,0.55
374.796,166.051,0.55
372.8,165.922,0.55
370.805,165.792,0.55
368.809,165.662,0.55
366.813,165.532,0.55
364.817,165.403,0.55
362.822,165.267,0.55
360.827,165.129,0.55
358.831,164.99,0.55
356.836,164.851,0.55
354.841,164.712,0.55
352.846,164.574,0.55
350.851,164.435,0.55
348.858,164.263,0.55
346.868,164.062,0.55
344.878,163.862,0.55
342.888,163.662,0.55
340.898,163.465,0.55
338.906,163.284,0.55
336.915,163.103,0.55
334.923,162.922,0.55
332.931,162.741,0.55
330.939,162.56,0.55
328.947,162.379,0.55
326.962,162.135,0.55
324.978,161.884,0.55
322.994,161.633,0.55
321.01,161.382,0.55
319.026,161.13,0.55
317.042,160.879,0.55
315.058,160.628,0.55
313.069,160.423,0.55
311.072,160.322,0.55
309.074,160.222,0.55
307.077,160.121,0.55
305.079,160.02,0.55
303.082,159.92,0.55
301.084,159.819,0.55
299.087,159.718,0.55
297.09,159.617,0.55
295.091,159.568,0.55
293.091,159.551,0.55
291.091,159.535,0.55
289.091,159.518,0.55
287.091,159.501,0.55
285.091,159.484,0.55
283.091,159.467,0.55
281.091,159.451,0.55
279.091,159.434,0.55
277.091,159.417,0.55
275.091,159.4,0.55
273.091,159.383,0.55
271.092,159.397,0.55
269.093,159.466,0.55
267.094,159.535,0.55
265.095,159.604,0.55
263.097,159.673,0.55
261.098,159.741,0.55
259.099,159.81,0.55
257.1,159.879,0.55
255.101,159.948,0.55
253.103,160.017,0.55
251.104,160.086,0.55
249.105,160.155,0.55
247.107,160.237,0.55
245.109,160.34,0.55
243.112,160.443,0.55
241.115,160.546,0.55
239.117,160.649,0.55
237.12,160.752,0.55
235.123,160.854,0.55
233.125,160.957,0.55
231.128,161.06,0.55
229.13,161.163,0.55
227.134,161.285,0.55
225.138,161.41,0.55
223.142,161.535,0.55
221.146,161.659,0.55
219.15,161.784,0.55
217.154,161.909,0.55
215.158,162.033,0.55
213.161,162.158,0.55
211.165,162.283,0.55
209.177,162.495,0.55
207.191,162.73,0.55
205.205,162.965,0.55
203.219,163.199,0.55
201.232,163.434,0.55
199.246,163.668,0.55
197.26,163.903,0.55
195.274,164.138,0.55
193.29,164.391,0.55
191.307,164.653,0.55
189.324,164.914,0.55
187.342,165.176,0.55
185.359,165.438,0.55
183.376,165.7,0.55
181.393,165.962,0.55
179.41,166.224,0.55
177.428,166.485,0.55
175.445,166.747,0.55
173.47,167.06,0.55
171.503,167.42,0.55
169.535,167.779,0.55
167.568,168.139,0.55
165.6,168.499,0.55
163.633,168.858,0.55
161.666,169.218,0.55
159.7,169.585,0.55
157.735,169.958,0.55
155.77,170.33,0.55
153.805,170.702,0.55
151.84,171.074,0.55
149.874,171.446,0.55
147.934,171.925,0.55
146.006,172.457,0.55
144.078,172.988,0.55
929.47,341.245,0.55
927.471,341.298,0.55
925.471,341.35,0.55
923.472,341.403,0.55
921.473,341.456,0.55
919.473,341.508,0.55
917.474,341.561,0.55
915.475,341.54,0.55
913.475,341.506,0.55
911.475,341.473,0.55
909.475,341.439,0.55
907.476,341.405,0.55
905.478,341.313,0.55
903.482,341.185,0.55
901.487,341.056,0.55
899.491,340.928,0.55
897.495,340.8,0.55
895.5,340.658,0.55
893.505,340.513,0.55
891.51,340.368,0.55
889.516,340.223,0.55
887.521,340.078,0.55
885.545,339.766,0.55
883.57,339.452,0.55
881.595,339.137,0.55
879.62,338.822,0.55
877.645,338.508,0.55
875.67,338.193,0.55
873.685,337.953,0.55
871.697,337.727,0.55
869.71,337.501,0.55
867.723,337.275,0.55
865.736,337.049,0.55
863.749,336.824,0.55
861.761,336.6,0.55
859.774,336.376,0.55
857.786,336.152,0.55
855.799,335.928,0.55
853.812,335.704,0.55
851.821,335.517,0.55
849.827,335.363,0.55
847.833,335.208,0.55
845.839,335.053,0.55
843.845,334.899,0.55
841.851,334.744,0.55
839.857,334.589,0.55
837.863,334.435,0.55
835.869,334.28,0.55
833.874,334.131,0.55
831.88,333.981,0.55
829.885,333.832,0.55
827.891,333.682,0.55
825.896,333.533,0.55
823.9,333.422,0.55
821.902,333.326,0.55
819.904,333.229,0.55
817.907,333.132,0.55
815.909,333.036,0.55
813.911,332.963,0.55
811.911,332.952,0.55
809.911,332.94,0.55
807.911,332.929,0.55
805.911,332.917,0.55
803.911,332.906,0.55
801.911,332.894,0.55
799.911,332.883,0.55
797.911,332.872,0.55
795.911,332.86,0.55
793.911,332.849,0.55
791.911,332.837,0.55
789.911,332.826,0.55
787.911,332.814,0.55
785.911,332.803,0.55
783.911,332.791,0.55
781.912,332.831,0.55
779.912,332.874,0.55
777.913,332.918,0.55
775.913,332.961,0.55
773.914,333.005,0.55
771.914,333.048,0.55
769.914,333.092,0.55
767.915,333.135,0.55
765.915,333.178,0.55
763.916,333.222,0.55
761.918,333.317,0.55
759.921,333.423,0.55
757.924,333.529,0.55
755.927,333.635,0.55
753.929,333.741,0.55
751.932,333.846,0.55
749.935,333.952,0.55
747.938,334.058,0.55
745.941,334.164,0.55
743.943,334.27,0.55
741.946,334.376,0.55
739.949,334.482,0.55
737.952,334.59,0.55
735.955,334.698,0.55
733.958,334.806,0.55
731.961,334.913,0.55
729.964,335.021,0.55
727.967,335.129,0.55
725.97,335.237,0.55
723.972,335.345,0.55
721.975,335.453,0.55
719.978,335.561,0.55
717.981,335.669,0.55
715.984,335.777,0.55
713.987,335.885,0.55
711.99,335.993,0.55
709.993,336.101,0.55
708,336.263,0.55
706.008,336.441,0.55
704.016,336.62,0.55
702.024,336.799,0.55
700.032,336.978,0.55
698.04,337.157,0.55
696.048,337.336,0.55
694.056,337.515,0.55
692.064,337.693,0.55
690.072,337.872,0.55
688.08,338.051,0.55
686.086,338.21,0.55
684.091,338.348,0.55
682.096,338.485,0.55
680.1,338.622,0.55
678.105,338.76,0.55
676.11,338.897,0.55
674.115,339.034,0.55
672.119,339.172,0.55
670.124,339.309,0.55
668.129,339.446,0.55
666.134,339.594,0.55
664.143,339.781,0.55
662.152,339.968,0.55
660.161,340.155,0.55
658.169,340.343,0.55
656.178,340.53,0.55
654.187,340.717,0.55
652.196,340.904,0.55
650.204,341.091,0.55
648.216,341.299,0.55
646.232,341.556,0.55
644.249,341.813,0.55
642.265,342.07,0.55
640.282,342.327,0.55
638.298,342.584,0.55
636.315,342.84,0.55
634.332,343.104,0.55
632.356,343.413,0.55
630.38,343.722,0.55
628.405,344.031,0.55
626.429,344.34,0.55
624.453,344.649,0.55
622.477,344.958,0.55
620.501,345.267,0.55
618.525,345.576,0.55
616.549,345.885,0.55
614.574,346.202,0.55
612.607,346.565,0.55
610.64,346.928,0.55
608.674,347.291,0.55
606.707,347.654,0.55
604.74,348.017,0.55
602.773,348.38,0.55
600.807,348.746,0.55
598.844,349.129,0.55
596.881,349.512,0.55
594.918,349.895,0.55
592.955,350.278,0.55
590.992,350.662,0.55
589.035,351.072,0.55
587.087,351.524,0.55
585.138,351.975,0.55
583.19,352.427,0.55
581.242,352.878,0.55
579.293,353.33,0.55
577.349,353.798,0.55
575.426,354.345,0.55
573.502,354.892,0.55
571.578,355.439,0.55
569.654,355.986,0.55
567.731,356.533,0.55
565.807,357.08,0.55
563.883,357.627,0.55
561.961,358.178,0.55
560.038,358.731,0.55
558.116,359.284,0.55
556.194,359.836,0.55
554.272,360.389,0.55
552.35,360.942,0.55
550.431,361.505,0.55
548.516,362.081,0.55
546.601,362.658,0.55
544.686,363.234,0.55
542.77,363.811,0.55
540.855,364.387,0.55
538.94,364.964,0.55
537.034,365.568,0.55
535.154,366.25,0.55
533.274,366.931,0.55
531.393,367.613,0.55
529.513,368.294,0.55
527.633,368.976,0.55
525.753,369.657,0.55
523.876,370.349,0.55
522.023,371.102,0.55
520.171,371.855,0.55
518.318,372.608,0.55
516.465,373.361,0.55
514.612,374.114,0.55
512.759,374.866,0.55
510.906,375.619,0.55
509.053,376.372,0.55
507.205,377.137,0.55
505.362,377.912,0.55
503.518,378.688,0.55
501.675,379.464,0.55
499.831,380.239,0.55
497.988,381.015,0.55
496.144,381.791,0.55
494.301,382.566,0.55
492.474,383.38,0.55
490.655,384.211,0.55
488.835,385.041,0.55
487.016,385.872,0.55
485.196,386.702,0.55
483.377,387.532,0.55
481.557,388.363,0.55
479.738,389.193,0.55
477.919,390.024,0.55
476.121,390.897,0.55
474.382,391.884,0.55
472.643,392.872,0.55
470.903,393.859,0.55
469.164,394.847,0.55
467.425,395.834,0.55
465.686,396.822,0.55
464.058,397.973,0.55
462.504,399.232,0.55
460.95,400.491,0.55
459.472,401.836,0.55
458.03,403.222,0.55
456.588,404.608,0.55
455.146,405.993,0.55
453.795,407.468,0.55
452.457,408.954,0.55
451.118,410.44,0.55
449.78,411.926,0.55
448.466,413.434,0.55
447.186,414.971,0.55
445.907,416.508,0.55
444.705,418.101,0.55
443.63,419.788,0.55
442.555,421.475,0.55
441.48,423.161,0.55
440.556,424.929,0.55
439.735,426.753,0.55
438.914,428.577,0.55
438.317,430.48,0.55
437.802,432.413,0.55
437.288,434.345,0.55
437.007,436.322,0.55
436.785,438.31,0.55
436.569,440.298,0.55
436.418,442.292,0.55
436.266,444.286,0.55
436.115,446.281,0.55
436.248,448.268,0.55
436.496,450.253,0.55
436.744,452.237,0.55
436.993,454.222,0.55
437.513,456.129,0.55
438.346,457.947,0.55
439.179,459.765,0.55
440.012,461.584,0.55
441.016,463.305,0.55
442.138,464.961,0.55
443.26,466.617,0.55
444.382,468.272,0.55
445.639,469.822,0.55
446.988,471.299,0.55
448.336,472.775,0.55
449.685,474.252,0.55
451.187,475.561,0.55
452.784,476.765,0.55
454.381,477.969,0.55
455.981,479.168,0.55
457.702,480.186,0.55
459.424,481.204,0.55
461.146,482.222,0.55
462.896,483.181,0.55
464.755,483.919,0.55
466.614,484.656,0.55
468.473,485.394,0.55
470.332,486.132,0.55
472.191,486.87,0.55
474.031,487.653,0.55
475.854,488.476,0.55
477.677,489.298,0.55
479.5,490.121,0.55
481.323,490.942,0.55
483.153,491.75,0.55
484.983,492.557,0.55
486.812,493.364,0.55
488.642,494.172,0.55
490.472,494.979,0.55
492.313,495.76,0.55
494.155,496.54,0.55
495.997,497.32,0.55
497.838,498.1,0.55
499.68,498.88,0.55
501.521,499.66,0.55
503.363,500.441,0.55
505.204,501.221,0.55
507.046,502.001,0.55
508.888,502.781,0.55
510.729,503.561,0.55
512.571,504.341,0.55
514.412,505.121,0.55
516.254,505.901,0.55
518.113,506.637,0.55
519.975,507.367,0.55
521.838,508.097,0.55
523.7,508.827,0.55
525.562,509.557,0.55
527.424,510.287,0.55
529.286,511.017,0.55
531.148,511.747,0.55
533.01,512.477,0.55
534.872,513.207,0.55
536.734,513.937,0.55
538.596,514.667,0.55
540.455,515.403,0.55
542.286,516.208,0.55
544.117,517.013,0.55
545.948,517.818,0.55
547.779,518.622,0.55
549.61,519.427,0.55
551.441,520.232,0.55
553.272,521.037,0.55
555.103,521.842,0.55
556.934,522.646,0.55
558.765,523.451,0.55
560.567,524.318,0.55
562.365,525.194,0.55
564.163,526.07,0.55
565.961,526.946,0.55
567.759,527.822,0.55
569.557,528.698,0.55
571.355,529.574,0.55
573.141,530.472,0.55
574.922,531.383,0.55
576.703,532.293,0.55
578.484,533.203,0.55
580.265,534.113,0.55
582.046,535.023,0.55
583.827,535.933,0.55
585.588,536.879,0.55
587.302,537.909,0.55
589.016,538.94,0.55
590.73,539.971,0.55
592.443,541.002,0.55
594.157,542.033,0.55
595.871,543.064,0.55
597.507,544.209,0.55
599.199,545.267,0.55
600.95,546.234,0.55
602.608,547.35,0.55
604.248,548.494,0.55
605.888,549.639,0.55
607.529,550.783,0.55
609.169,551.927,0.55
610.809,553.071,0.55
612.45,554.216,0.55
614.09,555.36,0.55
615.722,556.516,0.55
617.324,557.713,0.55
618.927,558.909,0.55
620.529,560.106,0.55
622.132,561.302,0.55
623.734,562.499,0.55
625.337,563.696,0.55
626.94,564.892,0.55
628.562,566.061,0.55
630.189,567.225,0.55
631.816,568.388,0.55
633.443,569.551,0.55
635.069,570.715,0.55
636.696,571.878,0.55
638.323,573.042,0.55
639.95,574.205,0.55
641.566,575.384,0.55
643.179,576.566,0.55
644.792,577.748,0.55
646.405,578.93,0.55
648.019,580.112,0.55
649.632,581.294,0.55
651.245,582.477,0.55
652.858,583.659,0.55
654.472,584.841,0.55
656.085,586.023,0.55
657.675,587.236,0.55
659.262,588.453,0.55
660.849,589.67,0.55
662.436,590.888,0.55
664.023,592.105,0.55
665.61,593.322,0.55
667.189,594.549,0.55
668.766,595.779,0.55
670.343,597.009,0.55
671.92,598.239,0.55
673.497,599.469,0.55
675.074,600.699,0.55
676.651,601.929,0.55
678.146,603.257,0.55
679.629,604.599,0.55
681.111,605.942,0.55
682.594,607.284,0.55
684.076,608.627,0.55
685.534,609.996,0.55
686.978,611.379,0.55
688.422,612.763,0.55
689.867,614.146,0.55
691.311,615.53,0.55
692.757,616.911,0.55
694.224,618.271,0.55
695.69,619.631,0.55
697.157,620.991,0.55
698.623,622.351,0.55
700.09,623.711,0.55
701.556,625.071,0.55
703.023,626.431,0.55
704.489,627.791,0.55
705.955,629.151,0.55
707.399,630.535,0.55
708.837,631.925,0.55
710.274,633.316,0.55
711.712,634.706,0.55
713.15,636.096,0.55
714.588,637.486,0.55
716.025,638.877,0.55
717.463,640.267,0.55
718.901,641.657,0.55
720.339,643.048,0.55
721.776,644.438,0.55
723.174,645.867,0.55
724.549,647.321,0.55
725.923,648.774,0.55
727.297,650.227,0.55
728.671,651.68,0.55
730.046,653.133,0.55
731.42,654.586,0.55
732.794,656.039,0.55
734.168,657.492,0.55
735.543,658.945,0.55
736.917,660.398,0.55
738.291,661.851,0.55
739.665,663.304,0.55
741.04,664.757,0.55
742.415,666.21,0.55
743.789,667.663,0.55
745.164,669.115,0.55
746.538,670.568,0.55
747.913,672.021,0.55
749.288,673.473,0.55
750.662,674.926,0.55
752.037,676.379,0.55
753.412,677.832,0.55
754.719,679.344,0.55
756.016,680.867,0.55
757.314,682.389,0.55
758.611,683.911,0.55
759.908,685.433,0.55
761.205,686.956,0.55
762.503,688.478,0.55
941.065,452.374,0.55
939.083,452.641,0.55
937.101,452.909,0.55
935.119,453.176,0.55
933.137,453.444,0.55
931.155,453.711,0.55
929.173,453.978,0.55
927.199,454.296,0.55
925.234,454.668,0.55
923.269,455.04,0.55
921.304,455.412,0.55
919.339,455.784,0.55
917.374,456.155,0.55
915.408,456.527,0.55
913.443,456.899,0.55
911.486,457.304,0.55
909.545,457.789,0.55
907.605,458.274,0.55
905.664,458.759,0.55
903.724,459.243,0.55
901.784,459.728,0.55
899.843,460.213,0.55
897.903,460.698,0.55
895.963,461.182,0.55
894.022,461.667,0.55
892.11,462.246,0.55
890.22,462.9,0.55
888.329,463.553,0.55
886.439,464.206,0.55
884.549,464.86,0.55
882.659,465.513,0.55
880.768,466.167,0.55
878.901,466.882,0.55
877.034,467.601,0.55
875.168,468.319,0.55
873.301,469.038,0.55
871.435,469.756,0.55
869.568,470.475,0.55
867.702,471.193,0.55
865.835,471.911,0.55
864.065,472.841,0.55
862.3,473.781,0.55
860.535,474.721,0.55
858.769,475.661,0.55
857.004,476.601,0.55
855.239,477.541,0.55
853.524,478.567,0.55
851.848,479.659,0.55
850.172,480.75,0.55
848.497,481.842,0.55
846.821,482.934,0.55
845.145,484.025,0.55
843.55,485.228,0.55
841.992,486.482,0.55
840.434,487.737,0.55
838.877,488.991,0.55
837.319,490.246,0.55
835.761,491.5,0.55
834.351,492.916,0.55
832.962,494.355,0.55
831.574,495.794,0.55
830.185,497.234,0.55
828.796,498.673,0.55
827.468,500.166,0.55
826.175,501.693,0.55
824.883,503.219,0.55
823.59,504.745,0.55
822.298,506.272,0.55
821.005,507.798,0.55
819.769,509.369,0.55
818.576,510.974,0.55
817.383,512.579,0.55
816.19,514.185,0.55
814.997,515.79,0.55
813.804,517.395,0.55
812.612,519,0.55
811.56,520.702,0.55
810.509,522.403,0.55
809.457,524.104,0.55
808.406,525.806,0.55
807.371,527.517,0.55
806.358,529.241,0.55
805.344,530.965,0.55
804.33,532.69,0.55
803.317,534.414,0.55
802.303,536.138,0.55
801.289,537.862,0.55
800.29,539.594,0.55
799.409,541.389,0.55
798.528,543.184,0.55
797.646,544.98,0.55
796.765,546.775,0.55
795.884,548.57,0.55
795.002,550.366,0.55
794.246,552.216,0.55
793.531,554.083,0.55
792.815,555.951,0.55
792.1,557.819,0.55
791.385,559.686,0.55
790.669,561.554,0.55
790.137,563.481,0.55
789.625,565.414,0.55
789.112,567.347,0.55
788.6,569.281,0.55
788.087,571.214,0.55
787.764,573.187,0.55
787.449,575.162,0.55
787.134,577.137,0.55
786.819,579.112,0.55
786.504,581.087,0.55
786.189,583.062,0.55
786.003,585.052,0.55
785.878,587.048,0.55
785.753,589.044,0.55
785.628,591.04,0.55
785.681,593.038,0.55
785.772,595.035,0.55
786.059,597.015,0.55
786.346,598.994,0.55
786.634,600.973,0.55
786.921,602.952,0.55
787.245,604.924,0.55
787.753,606.859,0.55
788.261,608.793,0.55
788.842,610.705,0.55
789.539,612.579,0.55
790.237,614.453,0.55
791.113,616.25,0.55
792.006,618.04,0.55
792.922,619.817,0.55
793.998,621.502,0.55
795.075,623.188,0.55
796.151,624.873,0.55
797.355,626.466,0.55
798.623,628.013,0.55
799.89,629.56,0.55
801.2,631.07,0.55
802.581,632.517,0.55
803.979,633.945,0.55
805.53,635.208,0.55
807.1,636.442,0.55
808.846,637.417,0.55
810.599,638.381,0.55
812.365,639.32,0.55
814.218,640.052,0.55
816.12,640.672,0.55
818.022,641.291,0.55
819.95,641.799,0.55
821.927,642.098,0.55
823.905,642.397,0.55
825.882,642.697,0.55
827.874,642.854,0.55
829.871,642.954,0.55
831.869,643.054,0.55
833.866,643.06,0.55
835.863,642.947,0.55
837.858,642.808,0.55
839.847,642.603,0.55
841.735,641.951,0.55
843.617,641.275,0.55
150.947,396.295,0.55
152.678,397.296,0.55
154.409,398.298,0.55
156.14,399.299,0.55
157.812,400.397,0.55
159.482,401.497,0.55
161.153,402.597,0.55
162.823,403.696,0.55
164.494,404.796,0.55
166.164,405.896,0.55
167.835,406.996,0.55
169.51,408.088,0.55
171.263,409.051,0.55
173.016,410.014,0.55
174.769,410.976,0.55
176.522,411.939,0.55
178.275,412.902,0.55
180.028,413.865,0.55
181.781,414.828,0.55
183.549,415.761,0.55
185.323,416.686,0.55
187.096,417.61,0.55
188.87,418.535,0.55
190.643,419.46,0.55
192.489,420.221,0.55
194.364,420.917,0.55
196.239,421.614,0.55
198.114,422.31,0.55
199.989,423.006,0.55
201.864,423.702,0.55
203.739,424.398,0.55
205.645,425.002,0.55
207.56,425.579,0.55
209.475,426.156,0.55
211.39,426.732,0.55
213.305,427.309,0.55
215.22,427.886,0.55
217.158,428.38,0.55
219.1,428.857,0.55
221.042,429.334,0.55
222.984,429.811,0.55
224.927,430.288,0.55
226.869,430.765,0.55
228.811,431.242,0.55
230.76,431.683,0.55
232.743,431.945,0.55
234.726,432.207,0.55
236.708,432.469,0.55
238.691,432.731,0.55
240.681,432.901,0.55
242.681,432.937,0.55
244.68,432.974,0.55
246.68,433.011,0.55
248.679,433.018,0.55
250.674,432.875,0.55
252.669,432.733,0.55
254.664,432.591,0.55
256.595,432.087,0.55
258.518,431.538,0.55
260.429,430.951,0.55
262.31,430.271,0.55
264.15,429.501,0.55
265.915,428.559,0.55
267.679,427.617,0.55
269.405,426.607,0.55
271.12,425.578,0.55
272.751,424.43,0.55
274.303,423.168,0.55
275.75,421.802,0.55
277.008,420.248,0.55
278.266,418.693,0.55
279.274,416.965,0.55
280.283,415.238,0.55
281.164,413.455,0.55
281.745,411.542,0.55
282.321,409.627,0.55
282.64,407.652,0.55
282.958,405.678,0.55
283.107,403.689,0.55
283.131,401.689,0.55
283.154,399.689,0.55
283.111,397.692,0.55
282.934,395.7,0.55
282.756,393.708,0.55
282.579,391.715,0.55
282.263,389.748,0.55
281.728,387.821,0.55
281.192,385.895,0.55
280.571,383.996,0.55
279.858,382.127,0.55
279.145,380.259,0.55
278.349,378.429,0.55
277.37,376.684,0.55
276.392,374.94,0.55
275.248,373.304,0.55
274.051,371.701,0.55
272.855,370.098,0.55
271.525,368.606,0.55
270.179,367.126,0.55
268.833,365.647,0.55
267.487,364.168,0.55
266.014,362.817,0.55
264.517,361.491,0.55
263.02,360.164,0.55
261.523,358.838,0.55
260.026,357.512,0.55
258.431,356.307,0.55
256.817,355.126,0.55
255.203,353.945,0.55
253.589,352.763,0.55
251.976,351.582,0.55
250.362,350.401,0.55
248.748,349.22,0.55
247.107,348.079,0.55
245.39,347.053,0.55
243.674,346.026,0.55
241.957,345,0.55
240.241,343.973,0.55
238.525,342.947,0.55
236.808,341.92,0.55
235.092,340.893,0.55
233.375,339.867,0.55
231.644,338.866,0.55
229.906,337.876,0.55
228.168,336.887,0.55
226.429,335.898,0.55
224.691,334.909,0.55
222.953,333.919,0.55
221.215,332.93,0.55
219.436,332.016,0.55
217.653,331.109,0.55
215.871,330.202,0.55
214.088,329.296,0.55
212.306,328.389,0.55
210.523,327.482,0.55
208.74,326.575,0.55
206.958,325.668,0.55
205.173,324.766,0.55
203.388,323.864,0.55
201.603,322.962,0.55
199.818,322.06,0.55
198.033,321.158,0.55
196.248,320.256,0.55
194.463,319.353,0.55
192.669,318.471,0.55
190.86,317.616,0.55
189.052,316.762,0.55
187.243,315.908,0.55
185.435,315.054,0.55
183.584,314.299,0.55
181.712,313.595,0.55
179.84,312.891,0.55
177.968,312.187,0.55
176.096,311.483,0.55
174.224,310.779,0.55
172.352,310.075,0.55
170.467,309.411,0.55
168.544,308.861,0.55
166.621,308.312,0.55
164.698,307.763,0.55
162.775,307.213,0.55
160.852,306.664,0.55
158.929,306.114,0.55
157.006,305.565,0.55
155.083,305.016,0.55
153.16,304.466,0.55
151.237,303.917,0.55
149.303,303.407,0.55
147.366,302.909,0.55
145.429,302.412,0.55
143.491,301.915,0.55
141.554,301.417,0.55
139.617,300.92,0.55
137.633,300.676,0.55
135.646,300.441,0.55
133.66,300.206,0.55
131.674,299.971,0.55
129.688,299.736,0.55
127.702,299.502,0.55
125.707,299.351,0.55
123.713,299.2,0.55
121.719,299.05,0.55
119.725,298.899,0.55
117.728,298.808,0.55
115.728,298.823,0.55
113.728,298.839,0.55
111.728,298.854,0.55
109.728,298.869,0.55
107.735,298.97,0.55
105.758,299.272,0.55
103.781,299.574,0.55
101.804,299.876,0.55
99.883,300.428,0.55
97.964,300.994,0.55
96.046,301.559,0.55
94.336,302.564,0.55
92.684,303.692,0.55
91.033,304.82,0.55
89.632,306.245,0.55
88.307,307.735,0.55
87.219,309.413,0.55
86.131,311.091,0.55
85.43,312.944,0.55
84.891,314.87,0.55
84.351,316.796,0.55
84.029,318.764,0.55
83.812,320.752,0.55
83.594,322.74,0.55
83.548,324.731,0.55
83.707,326.724,0.55
83.866,328.718,0.55
84.031,330.71,0.55
84.508,332.653,0.55
84.985,334.595,0.55
85.629,336.488,0.55
86.291,338.375,0.55
87.055,340.22,0.55
87.904,342.032,0.55
88.89,343.765,0.55
90,345.429,0.55
91.199,347.028,0.55
92.435,348.601,0.55
93.671,350.173,0.55
94.991,351.675,0.55
96.323,353.166,0.55
97.699,354.617,0.55
99.08,356.064,0.55
100.474,357.498,0.55
101.903,358.898,0.55
103.332,360.297,0.55
104.77,361.687,0.55
106.252,363.029,0.55
107.735,364.372,0.55
109.217,365.714,0.55
110.7,367.056,0.55
112.249,368.32,0.55
113.816,369.563,0.55
115.382,370.807,0.55
116.949,372.05,0.55
118.515,373.294,0.55
120.081,374.537,0.55
121.648,375.781,0.55
123.214,377.024,0.55
124.781,378.268,0.55
126.347,379.512,0.55
127.968,380.68,0.55
129.625,381.8,0.55
131.282,382.92,0.55
132.939,384.041,0.55
134.596,385.161,0.55
136.242,386.298,0.55
137.887,387.434,0.55
139.532,388.571,0.55
141.178,389.708,0.55
142.823,390.845,0.55
144.467,391.984,0.55
146.112,393.123,0.55
147.756,394.261,0.55
36.432,502.658,0.55
38.384,503.093,0.55
40.336,503.527,0.55
42.289,503.962,0.55
44.264,504.256,0.55
46.252,504.469,0.55
48.241,504.682,0.55
50.23,504.895,0.55
52.228,504.812,0.55
54.226,504.727,0.55
56.224,504.643,0.55
58.214,504.466,0.55
60.196,504.198,0.55
62.177,503.925,0.55
64.131,503.494,0.55
66.084,503.064,0.55
68.011,502.547,0.55
69.872,501.817,0.55
71.734,501.086,0.55
73.519,500.194,0.55
75.253,499.199,0.55
76.958,498.157,0.55
78.598,497.011,0.55
80.237,495.865,0.55
81.703,494.509,0.55
83.139,493.117,0.55
84.489,491.653,0.55
85.625,490.006,0.55
86.76,488.36,0.55
87.611,486.56,0.55
88.364,484.707,0.55
89.007,482.827,0.55
89.203,480.837,0.55
89.4,478.846,0.55
89.476,476.849,0.55
89.513,474.849,0.55
89.4,472.855,0.55
89.218,470.864,0.55
89.036,468.872,0.55
88.697,466.909,0.55
88.159,464.982,0.55
87.622,463.056,0.55
87.005,461.158,0.55
86.187,459.333,0.55
85.368,457.509,0.55
84.513,455.702,0.55
83.554,453.947,0.55
82.596,452.192,0.55
81.637,450.436,0.55
80.41,448.864,0.55
79.128,447.328,0.55
77.846,445.793,0.55
76.564,444.258,0.55
74.979,443.046,0.55
73.366,441.865,0.55
71.752,440.683,0.55
70.14,439.499,0.55
68.536,438.305,0.55
66.931,437.111,0.55
65.321,435.926,0.55
63.498,435.104,0.55
61.675,434.282,0.55
59.851,433.46,0.55
58.028,432.639,0.55
56.205,431.817,0.55
54.326,431.14,0.55
52.417,430.544,0.55
50.508,429.948,0.55
48.599,429.353,0.55
46.684,428.776,0.55
44.759,428.232,0.55
42.835,427.687,0.55
40.859,427.401,0.55
38.873,427.167,0.55
36.886,426.934,0.55
649.487,688.896,0.6
648.578,687.114,0.6
647.669,685.333,0.6
646.76,683.551,0.6
645.851,681.77,0.6
644.942,679.988,0.6
644.033,678.207,0.6
643.124,676.425,0.6
642.215,674.644,0.6
641.3,672.866,0.6
640.357,671.102,0.6
639.413,669.339,0.6
638.47,667.575,0.6
637.527,665.811,0.6
636.584,664.048,0.6
635.64,662.284,0.6
634.697,660.521,0.6
633.759,658.754,0.6
632.849,656.973,0.6
631.939,655.192,0.6
631.029,653.411,0.6
630.119,651.631,0.6
629.209,649.85,0.6
628.298,648.069,0.6
627.388,646.288,0.6
626.478,644.507,0.6
625.543,642.739,0.6
624.582,640.985,0.6
623.621,639.231,0.6
622.66,637.477,0.6
621.699,635.723,0.6
620.739,633.969,0.6
619.786,632.21,0.6
618.84,630.448,0.6
617.894,628.686,0.6
616.948,626.924,0.6
616.002,625.162,0.6
615.056,623.4,0.6
614.11,621.638,0.6
613.135,619.892,0.6
612.11,618.174,0.6
611.085,616.457,0.6
610.061,614.739,0.6
609.036,613.022,0.6
607.989,611.318,0.6
606.903,609.639,0.6
605.816,607.96,0.6
604.73,606.28,0.6
603.643,604.601,0.6
602.557,602.922,0.6
601.47,601.243,0.6
600.384,599.564,0.6
599.257,597.912,0.6
598.074,596.3,0.6
596.892,594.687,0.6
595.709,593.074,0.6
594.526,591.462,0.6
593.343,589.849,0.6
592.145,588.247,0.6
590.946,586.647,0.6
589.746,585.047,0.6
588.546,583.446,0.6
587.347,581.846,0.6
586.147,580.246,0.6
584.948,578.645,0.6
583.713,577.072,0.6
582.478,575.499,0.6
581.243,573.926,0.6
580.008,572.352,0.6
578.638,570.896,0.6
577.257,569.45,0.6
575.876,568.003,0.6
574.494,566.557,0.6
573.113,565.11,0.6
571.732,563.664,0.6
570.344,562.224,0.6
568.905,560.835,0.6
567.467,559.446,0.6
566.028,558.056,0.6
564.589,556.667,0.6
563.089,555.348,0.6
561.537,554.086,0.6
559.985,552.824,0.6
558.433,551.563,0.6
556.881,550.301,0.6
555.329,549.039,0.6
553.777,547.778,0.6
552.226,546.516,0.6
550.579,545.383,0.6
548.916,544.271,0.6
547.254,543.159,0.6
545.592,542.046,0.6
543.922,540.947,0.6
542.229,539.882,0.6
540.536,538.816,0.6
538.844,537.751,0.6
537.151,536.686,0.6
535.458,535.621,0.6
533.765,534.555,0.6
532.073,533.49,0.6
530.363,532.453,0.6
528.642,531.434,0.6
526.921,530.415,0.6
525.191,529.412,0.6
523.435,528.454,0.6
521.679,527.497,0.6
519.923,526.54,0.6
518.17,525.577,0.6
516.424,524.602,0.6
514.678,523.627,0.6
512.931,522.652,0.6
511.185,521.677,0.6
509.4,520.778,0.6
507.588,519.932,0.6
505.775,519.087,0.6
503.962,518.242,0.6
502.15,517.396,0.6
500.337,516.551,0.6
498.52,515.717,0.6
496.693,514.903,0.6
494.866,514.088,0.6
493.04,513.273,0.6
491.213,512.459,0.6
489.386,511.645,0.6
487.56,510.83,0.6
485.733,510.016,0.6
483.906,509.202,0.6
482.065,508.424,0.6
480.187,507.736,0.6
478.309,507.048,0.6
476.431,506.359,0.6
474.551,505.678,0.6
472.644,505.075,0.6
470.737,504.473,0.6
468.83,503.87,0.6
466.923,503.268,0.6
465.016,502.665,0.6
463.089,502.132,0.6
461.144,501.665,0.6
459.2,501.198,0.6
457.255,500.731,0.6
455.31,500.263,0.6
453.353,499.858,0.6
451.379,499.538,0.6
449.405,499.218,0.6
447.431,498.898,0.6
445.456,498.578,0.6
443.482,498.258,0.6
441.508,497.938,0.6
439.525,497.677,0.6
437.542,497.419,0.6
435.559,497.161,0.6
433.575,496.903,0.6
431.581,496.787,0.6
429.582,496.742,0.6
427.582,496.697,0.6
425.583,496.652,0.6
423.583,496.613,0.6
421.584,496.654,0.6
419.584,496.694,0.6
417.584,496.735,0.6
415.596,496.923,0.6
413.613,497.186,0.6
411.631,497.45,0.6
409.648,497.713,0.6
407.701,498.144,0.6
405.778,498.695,0.6
403.856,499.246,0.6
401.933,499.798,0.6
400.023,500.389,0.6
398.129,501.03,0.6
396.234,501.671,0.6
394.341,502.314,0.6
392.568,503.24,0.6
390.795,504.165,0.6
389.083,505.19,0.6
387.465,506.366,0.6
385.848,507.542,0.6
384.384,508.901,0.6
382.951,510.296,0.6
381.526,511.697,0.6
380.566,513.452,0.6
379.607,515.207,0.6
378.959,517.085,0.6
378.459,519.021,0.6
377.981,520.961,0.6
377.916,522.96,0.6
377.852,524.959,0.6
378.068,526.945,0.6
378.311,528.93,0.6
379.004,530.802,0.6
379.848,532.609,0.6
380.86,534.334,0.6
382.071,535.916,0.6
383.38,537.428,0.6
384.993,538.587,0.6
386.684,539.655,0.6
388.457,540.569,0.6
390.305,541.324,0.6
392.238,541.838,0.6
394.171,542.352,0.6
396.129,542.758,0.6
398.088,543.159,0.6
400.048,543.561,0.6
401.999,543.997,0.6
403.934,544.502,0.6
405.869,545.006,0.6
407.802,545.521,0.6
409.732,546.045,0.6
411.662,546.569,0.6
413.592,547.093,0.6
415.522,547.617,0.6
417.397,548.308,0.6
419.255,549.047,0.6
421.114,549.786,0.6
422.971,550.528,0.6
424.825,551.278,0.6
426.679,552.028,0.6
428.533,552.778,0.6
430.375,553.558,0.6
432.198,554.38,0.6
434.021,555.202,0.6
435.844,556.025,0.6
437.647,556.89,0.6
439.432,557.791,0.6
441.218,558.692,0.6
443.003,559.593,0.6
444.772,560.525,0.6
446.528,561.482,0.6
448.284,562.44,0.6
450.04,563.397,0.6
451.776,564.391,0.6
453.49,565.421,0.6
455.204,566.452,0.6
456.918,567.483,0.6
458.631,568.513,0.6
460.29,569.63,0.6
461.94,570.761,0.6
463.589,571.892,0.6
465.239,573.023,0.6
466.888,574.154,0.6
468.537,575.285,0.6
470.153,576.461,0.6
471.697,577.733,0.6
473.24,579.005,0.6
474.784,580.277,0.6
476.327,581.549,0.6
477.871,582.82,0.6
479.414,584.092,0.6
480.943,585.381,0.6
482.453,586.693,0.6
483.962,588.006,0.6
485.445,589.347,0.6
486.901,590.718,0.6
488.357,592.089,0.6
489.773,593.5,0.6
491.125,594.974,0.6
492.476,596.448,0.6
493.828,597.922,0.6
495.185,599.391,0.6
496.541,600.861,0.6
497.896,602.332,0.6
499.199,603.849,0.6
500.503,605.366,0.6
501.769,606.911,0.6
502.852,608.593,0.6
503.934,610.274,0.6
505.016,611.956,0.6
505.998,613.696,0.6
506.918,615.472,0.6
507.839,617.248,0.6
508.742,619.031,0.6
509.568,620.853,0.6
510.395,622.674,0.6
511.221,624.496,0.6
512.047,626.317,0.6
512.825,628.157,0.6
513.427,630.064,0.6
514.029,631.971,0.6
514.631,633.879,0.6
515.233,635.786,0.6
515.835,637.693,0.6
516.437,639.6,0.6
516.906,641.545,0.6
517.375,643.489,0.6
517.844,645.433,0.6
518.313,647.377,0.6
518.782,649.322,0.6
519.201,651.276,0.6
519.534,653.248,0.6
519.867,655.22,0.6
520.199,657.192,0.6
520.532,659.165,0.6
520.864,661.137,0.6
521.197,663.109,0.6
521.53,665.081,0.6
521.794,667.063,0.6
522.054,669.046,0.6
522.314,671.029,0.6
522.574,673.012,0.6
522.878,674.989,0.6
523.222,676.959,0.6
523.566,678.929,0.6
523.903,680.9,0.6
523.902,682.9,0.6
523.901,684.9,0.6
560.356,582.997,0.65
561.558,584.596,0.65
562.761,586.194,0.65
563.963,587.792,0.65
565.165,589.391,0.65
566.348,591.003,0.65
567.457,592.667,0.65
568.566,594.331,0.65
569.675,595.996,0.65
570.784,597.66,0.65
571.899,599.321,0.65
573.037,600.965,0.65
574.175,602.61,0.65
575.313,604.255,0.65
576.451,605.899,0.65
577.589,607.544,0.65
578.589,609.275,0.65
579.583,611.011,0.65
580.576,612.747,0.65
581.57,614.483,0.65
582.563,616.219,0.65
583.557,617.954,0.65
584.55,619.69,0.65
585.461,621.471,0.65
586.37,623.252,0.65
587.279,625.034,0.65
588.188,626.815,0.65
589.009,628.637,0.65
589.756,630.492,0.65
590.504,632.347,0.65
591.251,634.202,0.65
591.999,636.057,0.65
592.695,637.93,0.65
593.265,639.847,0.65
593.835,641.764,0.65
594.247,643.713,0.65
594.466,645.701,0.65
594.675,647.69,0.65
594.729,649.689,0.65
594.543,651.669,0.65
594.168,653.634,0.65
593.504,655.517,0.65
592.508,657.245,0.65
591.418,658.92,0.65
590.176,660.48,0.65
588.623,661.74,0.65
586.772,662.432,0.65
584.827,662.86,0.65
582.837,663.063,0.65
580.843,662.92,0.65
578.863,662.681,0.65
576.931,662.165,0.65
574.999,661.648,0.65
573.117,661.004,0.65
571.354,660.06,0.65
569.59,659.117,0.65
567.826,658.174,0.65
566.063,657.231,0.65
564.421,656.104,0.65
562.868,654.844,0.65
561.315,653.584,0.65
559.761,652.324,0.65
558.208,651.065,0.65
556.655,649.805,0.65
555.185,648.458,0.65
553.866,646.955,0.65
552.547,645.451,0.65
551.227,643.948,0.65
549.908,642.445,0.65
548.635,640.907,0.65
547.563,639.219,0.65
546.492,637.53,0.65
545.421,635.841,0.65
544.349,634.152,0.65
543.278,632.463,0.65
542.206,630.775,0.65
541.135,629.086,0.65
540.063,627.397,0.65
538.966,625.726,0.65
537.787,624.111,0.65
536.607,622.495,0.65
535.428,620.88,0.65
534.249,619.264,0.65
533.07,617.649,0.65
531.891,616.033,0.65
530.646,614.47,0.65
529.346,612.95,0.65
528.046,611.431,0.65
526.746,609.911,0.65
525.445,608.391,0.65
524.145,606.871,0.65
522.845,605.352,0.65
521.545,603.832,0.65
520.236,602.32,0.65
518.82,600.907,0.65
517.405,599.495,0.65
515.989,598.082,0.65
514.573,596.67,0.65
513.157,595.257,0.65
511.741,593.845,0.65
510.325,592.432,0.65
508.909,591.019,0.65
507.494,589.607,0.65
506.083,588.189,0.65
504.673,586.77,0.65
503.263,585.352,0.65
501.853,583.934,0.65
500.443,582.515,0.65
498.975,581.158,0.65
497.484,579.825,0.65
495.993,578.493,0.65
494.501,577.16,0.65
492.993,575.846,0.65
491.465,574.556,0.65
489.937,573.265,0.65
488.41,571.975,0.65
486.882,570.684,0.65
485.354,569.394,0.65
483.841,568.086,0.65
482.338,566.766,0.65
480.835,565.447,0.65
479.331,564.128,0.65
477.828,562.809,0.65
476.325,561.489,0.65
474.822,560.17,0.65
473.319,558.85,0.65
471.816,557.531,0.65
470.596,555.952,0.65
469.413,554.34,0.65
468.23,552.727,0.65
467.063,551.104,0.65
466.014,549.401,0.65
464.966,547.698,0.65
463.917,545.995,0.65
463.454,544.051,0.65
463,542.103,0.65
463.011,540.12,0.65
463.218,538.139,0.65
464.054,536.323,0.65
465.007,534.567,0.65
466.123,532.923,0.65
467.584,531.557,0.65
469.045,530.191,0.65
470.817,529.275,0.65
472.611,528.391,0.65
474.544,527.949,0.65
476.521,527.647,0.65
478.516,527.649,0.65
480.515,527.722,0.65
482.495,527.963,0.65
484.463,528.321,0.65
486.43,528.678,0.65
488.382,529.113,0.65
490.322,529.598,0.65
492.262,530.083,0.65
494.165,530.687,0.65
496.034,531.4,0.65
497.902,532.113,0.65
499.771,532.827,0.65
501.61,533.608,0.65
503.406,534.487,0.65
505.202,535.367,0.65
506.998,536.247,0.65
508.778,537.156,0.65
510.503,538.169,0.65
512.227,539.182,0.65
513.952,540.195,0.65
515.677,541.208,0.65
517.437,542.156,0.65
519.144,543.191,0.65
520.785,544.334,0.65
522.426,545.478,0.65
524.067,546.621,0.65
525.708,547.764,0.65
527.252,549.035,0.65
528.793,550.31,0.65
530.333,551.585,0.65
531.864,552.872,0.65
533.394,554.161,0.65
534.924,555.449,0.65
536.454,556.737,0.65
537.935,558.081,0.65
539.413,559.429,0.65
540.89,560.776,0.65
542.359,562.134,0.65
543.799,563.522,0.65
545.24,564.909,0.65
546.68,566.296,0.65
548.04,567.758,0.65
549.308,569.305,0.65
550.576,570.852,0.65
551.844,572.399,0.65
553.111,573.946,0.65
554.379,575.492,0.65
555.647,577.039,0.65
556.915,578.586,0.65
558.182,580.133,0.65
293.407,522.444,0.6
295.067,523.559,0.6
296.675,524.749,0.6
298.28,525.942,0.6
299.885,527.135,0.6
301.49,528.328,0.6
302.997,529.639,0.6
304.47,530.992,0.6
305.943,532.345,0.6
307.416,533.698,0.6
308.889,535.051,0.6
310.269,536.495,0.6
311.578,538.007,0.6
312.887,539.519,0.6
314.197,541.03,0.6
315.371,542.646,0.6
316.494,544.301,0.6
317.595,545.968,0.6
318.457,547.773,0.6
319.319,549.578,0.6
320.001,551.44,0.6
320.354,553.409,0.6
320.707,555.378,0.6
320.956,557.354,0.6
320.886,559.352,0.6
320.817,561.351,0.6
320.399,563.295,0.6
319.851,565.219,0.6
319.214,567.112,0.6
318.485,568.974,0.6
317.755,570.837,0.6
316.646,572.494,0.6
315.493,574.129,0.6
314.34,575.763,0.6
312.97,577.187,0.6
311.375,578.393,0.6
309.779,579.6,0.6
308.121,580.672,0.6
306.175,581.131,0.6
304.228,581.589,0.6
302.281,582.048,0.6
300.334,582.506,0.6
298.388,582.964,0.6
296.419,583.209,0.6
294.419,583.158,0.6
292.42,583.107,0.6
290.421,583.056,0.6
288.421,583.005,0.6
286.422,582.954,0.6
284.447,582.663,0.6
282.477,582.316,0.6
280.507,581.969,0.6
278.538,581.623,0.6
276.568,581.276,0.6
274.598,580.929,0.6
272.648,580.496,0.6
270.724,579.95,0.6
268.8,579.405,0.6
266.876,578.859,0.6
264.952,578.314,0.6
263.027,577.768,0.6
261.234,576.887,0.6
259.449,575.985,0.6
257.664,575.083,0.6
255.879,574.181,0.6
254.094,573.279,0.6
252.382,572.265,0.6
250.842,570.989,0.6
249.302,569.713,0.6
247.762,568.436,0.6
246.222,567.16,0.6
244.682,565.884,0.6
243.252,564.493,0.6
241.895,563.023,0.6
240.539,561.554,0.6
239.182,560.084,0.6
237.826,558.614,0.6
236.469,557.145,0.6
235.535,555.379,0.6
234.616,553.603,0.6
233.697,551.826,0.6
232.779,550.05,0.6
231.86,548.273,0.6
231.128,546.437,0.6
230.856,544.456,0.6
230.585,542.475,0.6
230.313,540.493,0.6
230.042,538.512,0.6
229.77,536.53,0.6
229.602,534.546,0.6
229.761,532.552,0.6
229.921,530.558,0.6
230.081,528.565,0.6
230.24,526.571,0.6
230.836,524.678,0.6
231.565,522.816,0.6
232.359,520.992,0.6
233.626,519.444,0.6
234.893,517.896,0.6
236.159,516.348,0.6
237.733,515.13,0.6
239.366,513.976,0.6
241.081,512.985,0.6
242.985,512.373,0.6
244.889,511.762,0.6
246.794,511.15,0.6
248.707,510.58,0.6
250.697,510.383,0.6
252.687,510.186,0.6
254.677,509.989,0.6
256.668,509.791,0.6
258.665,509.77,0.6
260.665,509.803,0.6
262.664,509.837,0.6
264.664,509.87,0.6
266.639,510.113,0.6
268.589,510.555,0.6
270.54,510.997,0.6
272.49,511.439,0.6
274.361,512.119,0.6
276.185,512.941,0.6
278.008,513.762,0.6
279.831,514.584,0.6
281.599,515.515,0.6
283.335,516.509,0.6
285.07,517.503,0.6
286.806,518.496,0.6
288.537,519.497,0.6
290.269,520.499,0.6
339.844,259.254,0.6
341.218,257.801,0.6
342.618,256.374,0.6
344.067,254.995,0.6
345.515,253.616,0.6
346.964,252.236,0.6
348.412,250.857,0.6
349.86,249.478,0.6
351.308,248.098,0.6
352.752,246.714,0.6
354.196,245.33,0.6
355.64,243.946,0.6
357.084,242.562,0.6
358.61,241.272,0.6
360.166,240.016,0.6
361.722,238.76,0.6
363.279,237.503,0.6
364.835,236.247,0.6
366.391,234.991,0.6
367.947,233.735,0.6
369.503,232.478,0.6
371.107,231.284,0.6
372.727,230.111,0.6
374.346,228.937,0.6
375.965,227.763,0.6
377.585,226.589,0.6
379.204,225.415,0.6
380.873,224.32,0.6
382.615,223.336,0.6
384.357,222.353,0.6
386.098,221.37,0.6
387.84,220.387,0.6
389.582,219.404,0.6
391.323,218.42,0.6
393.065,217.437,0.6
394.807,216.454,0.6
396.567,215.505,0.6
398.338,214.576,0.6
400.109,213.647,0.6
401.88,212.717,0.6
403.651,211.788,0.6
405.422,210.859,0.6
407.193,209.93,0.6
408.964,209.001,0.6
410.735,208.072,0.6
412.54,207.216,0.6
414.397,206.473,0.6
416.254,205.731,0.6
418.111,204.989,0.6
419.969,204.246,0.6
421.826,203.504,0.6
423.683,202.762,0.6
425.54,202.02,0.6
427.402,201.289,0.6
429.271,200.578,0.6
431.14,199.867,0.6
433.01,199.156,0.6
434.879,198.445,0.6
436.748,197.734,0.6
438.618,197.023,0.6
440.515,196.396,0.6
442.444,195.868,0.6
444.373,195.34,0.6
446.302,194.811,0.6
448.231,194.283,0.6
450.16,193.755,0.6
452.088,193.227,0.6
454.017,192.698,0.6
455.946,192.17,0.6
457.875,191.642,0.6
459.831,191.225,0.6
461.787,190.808,0.6
463.743,190.391,0.6
465.7,189.974,0.6
467.656,189.557,0.6
469.618,189.178,0.6
471.6,188.91,0.6
473.582,188.641,0.6
475.564,188.373,0.6
477.546,188.105,0.6
479.528,187.837,0.6
481.51,187.569,0.6
483.492,187.301,0.6
485.474,187.033,0.6
487.456,186.765,0.6
489.438,186.497,0.6
491.42,186.229,0.6
493.418,186.165,0.6
495.417,186.117,0.6
497.417,186.069,0.6
499.416,186.021,0.6
501.416,186.008,0.6
503.416,186.029,0.6
505.416,186.05,0.6
507.415,186.071,0.6
509.415,186.092,0.6
511.411,186.198,0.6
513.401,186.396,0.6
515.391,186.594,0.6
517.381,186.792,0.6
519.355,187.104,0.6
521.321,187.473,0.6
523.286,187.842,0.6
525.251,188.216,0.6
527.201,188.661,0.6
529.151,189.106,0.6
531.1,189.551,0.6
532.987,190.193,0.6
534.831,190.967,0.6
536.675,191.741,0.6
538.503,192.549,0.6
540.243,193.535,0.6
541.983,194.522,0.6
543.723,195.508,0.6
545.387,196.608,0.6
546.971,197.829,0.6
548.554,199.051,0.6
550.138,200.272,0.6
551.639,201.575,0.6
552.84,203.174,0.6
554.041,204.773,0.6
555.243,206.373,0.6
556.444,207.972,0.6
557.645,209.571,0.6
558.52,211.368,0.6
559.39,213.169,0.6
560.26,214.97,0.6
561.129,216.771,0.6
561.999,218.572,0.6
562.86,220.377,0.6
563.484,222.277,0.6
564.108,224.177,0.6
564.732,226.078,0.6
565.216,228.012,0.6
565.534,229.986,0.6
565.851,231.961,0.6
566.169,233.936,0.6
566.486,235.91,0.6
566.571,237.907,0.6
566.637,239.906,0.6
566.702,241.905,0.6
566.768,243.904,0.6
566.825,245.903,0.6
566.772,247.902,0.6
566.718,249.902,0.6
566.665,251.901,0.6
566.611,253.9,0.6
566.541,255.898,0.6
566.203,257.869,0.6
565.864,259.84,0.6
565.526,261.811,0.6
565.035,263.742,0.6
564.352,265.622,0.6
563.668,267.501,0.6
562.985,269.381,0.6
562.249,271.24,0.6
561.489,273.09,0.6
560.73,274.94,0.6
559.97,276.791,0.6
559.211,278.641,0.6
558.451,280.491,0.6
557.67,282.331,0.6
556.695,284.077,0.6
555.72,285.823,0.6
554.745,287.569,0.6
553.77,289.316,0.6
552.795,291.062,0.6
551.82,292.808,0.6
550.814,294.536,0.6
549.742,296.224,0.6
548.671,297.913,0.6
547.599,299.602,0.6
546.528,301.291,0.6
545.408,302.947,0.6
544.241,304.571,0.6
543.074,306.196,0.6
541.908,307.82,0.6
540.741,309.444,0.6
539.574,311.069,0.6
538.389,312.679,0.6
537.132,314.235,0.6
535.875,315.791,0.6
534.619,317.347,0.6
533.362,318.902,0.6
532.077,320.435,0.6
530.752,321.933,0.6
529.428,323.431,0.6
528.103,324.93,0.6
526.779,326.428,0.6
525.454,327.927,0.6
524.129,329.425,0.6
522.798,330.917,0.6
521.344,332.291,0.6
519.891,333.665,0.6
518.437,335.038,0.6
516.984,336.412,0.6
515.53,337.786,0.6
514.077,339.16,0.6
512.623,340.534,0.6
511.17,341.907,0.6
509.655,343.208,0.6
508.049,344.4,0.6
506.444,345.593,0.6
504.838,346.785,0.6
503.232,347.978,0.6
501.627,349.171,0.6
500.021,350.363,0.6
498.416,351.556,0.6
496.804,352.739,0.6
495.175,353.9,0.6
493.547,355.061,0.6
491.918,356.222,0.6
490.289,357.383,0.6
488.661,358.544,0.6
487.032,359.705,0.6
485.403,360.865,0.6
483.78,362.034,0.6
482.158,363.204,0.6
480.536,364.373,0.6
478.913,365.543,0.6
477.291,366.713,0.6
475.616,367.804,0.6
473.918,368.86,0.6
472.22,369.917,0.6
470.522,370.973,0.6
468.824,372.03,0.6
467.125,373.087,0.6
465.427,374.143,0.6
463.677,375.111,0.6
461.921,376.067,0.6
460.164,377.023,0.6
458.408,377.979,0.6
456.651,378.936,0.6
454.908,379.917,0.6
453.172,380.91,0.6
451.436,381.903,0.6
449.7,382.896,0.6
447.964,383.888,0.6
446.21,384.846,0.6
444.373,385.638,0.6
442.537,386.43,0.6
440.7,387.222,0.6
438.864,388.014,0.6
437.027,388.806,0.6
435.191,389.598,0.6
433.336,390.338,0.6
431.42,390.914,0.6
429.505,391.49,0.6
427.59,392.067,0.6
425.675,392.643,0.6
423.759,393.219,0.6
421.82,393.706,0.6
419.875,394.17,0.6
417.929,394.633,0.6
415.984,395.097,0.6
414.038,395.561,0.6
412.066,395.886,0.6
410.088,396.187,0.6
408.111,396.489,0.6
406.134,396.791,0.6
404.14,396.944,0.6
402.146,397.093,0.6
400.151,397.242,0.6
398.157,397.392,0.6
396.159,397.428,0.6
394.159,397.418,0.6
392.159,397.408,0.6
390.159,397.398,0.6
388.159,397.387,0.6
386.159,397.377,0.6
384.167,397.221,0.6
382.177,397.019,0.6
380.187,396.817,0.6
378.197,396.615,0.6
376.207,396.413,0.6
374.218,396.212,0.6
372.228,396.01,0.6
370.27,395.624,0.6
368.331,395.137,0.6
366.391,394.65,0.6
364.451,394.163,0.6
362.511,393.675,0.6
360.597,393.106,0.6
358.72,392.415,0.6
356.843,391.723,0.6
354.967,391.032,0.6
353.09,390.34,0.6
351.213,389.649,0.6
349.337,388.957,0.6
347.46,388.266,0.6
345.676,387.368,0.6
343.907,386.434,0.6
342.139,385.499,0.6
340.371,384.565,0.6
338.602,383.631,0.6
336.976,382.485,0.6
335.439,381.205,0.6
333.902,379.924,0.6
332.366,378.644,0.6
330.829,377.364,0.6
329.293,376.084,0.6
327.756,374.804,0.6
326.266,373.476,0.6
324.973,371.95,0.6
323.68,370.424,0.6
322.388,368.899,0.6
321.095,367.373,0.6
319.87,365.795,0.6
318.742,364.143,0.6
317.613,362.492,0.6
316.485,360.841,0.6
315.356,359.19,0.6
314.452,357.411,0.6
313.607,355.598,0.6
312.762,353.785,0.6
311.917,351.972,0.6
311.331,350.062,0.6
310.76,348.145,0.6
310.188,346.228,0.6
309.617,344.312,0.6
309.046,342.395,0.6
308.667,340.435,0.6
308.361,338.458,0.6
308.056,336.482,0.6
307.75,334.505,0.6
307.604,332.516,0.6
307.591,330.516,0.6
307.578,328.516,0.6
307.565,326.516,0.6
307.636,324.52,0.6
307.812,322.527,0.6
307.987,320.535,0.6
308.162,318.543,0.6
308.562,316.586,0.6
309.018,314.639,0.6
309.473,312.691,0.6
309.929,310.744,0.6
310.384,308.797,0.6
311.014,306.901,0.6
311.695,305.02,0.6
312.375,303.14,0.6
313.056,301.259,0.6
313.783,299.396,0.6
314.522,297.538,0.6
315.261,295.679,0.6
316.029,293.835,0.6
317.033,292.105,0.6
318.038,290.376,0.6
319.042,288.646,0.6
320.047,286.917,0.6
321.106,285.221,0.6
322.189,283.539,0.6
323.271,281.857,0.6
324.353,280.176,0.6
325.436,278.494,0.6
326.582,276.855,0.6
327.729,275.217,0.6
328.877,273.579,0.6
330.024,271.941,0.6
331.178,270.307,0.6
332.335,268.675,0.6
333.491,267.043,0.6
334.647,265.411,0.6
335.85,263.816,0.6
337.166,262.311,0.6
338.483,260.805,0.6
506.385,306.174,0.65
505.077,307.687,0.65
503.77,309.2,0.65
502.462,310.713,0.65
500.988,312.059,0.65
499.464,313.354,0.65
497.939,314.648,0.65
496.415,315.943,0.65
494.89,317.237,0.65
493.366,318.532,0.65
491.842,319.827,0.65
490.317,321.121,0.65
488.81,322.435,0.65
487.42,323.872,0.65
486.029,325.31,0.65
484.639,326.747,0.65
483.248,328.185,0.65
481.858,329.623,0.65
480.415,331.007,0.65
478.957,332.376,0.65
477.5,333.746,0.65
476.043,335.116,0.65
474.586,336.487,0.65
473.132,337.86,0.65
471.678,339.233,0.65
470.223,340.605,0.65
468.732,341.935,0.65
467.126,343.127,0.65
465.52,344.319,0.65
463.914,345.511,0.65
462.304,346.696,0.65
460.63,347.79,0.65
458.955,348.884,0.65
457.281,349.978,0.65
455.606,351.071,0.65
453.932,352.165,0.65
452.228,353.209,0.65
450.469,354.16,0.65
448.71,355.112,0.65
446.95,356.064,0.65
445.136,356.899,0.65
443.29,357.67,0.65
441.445,358.44,0.65
439.599,359.211,0.65
437.706,359.854,0.65
435.807,360.482,0.65
433.908,361.11,0.65
432.009,361.738,0.65
430.11,362.365,0.65
428.135,362.653,0.65
426.15,362.901,0.65
424.165,363.149,0.65
422.181,363.397,0.65
420.189,363.561,0.65
418.191,363.649,0.65
416.193,363.738,0.65
414.196,363.763,0.65
412.2,363.627,0.65
410.205,363.491,0.65
408.21,363.355,0.65
406.214,363.219,0.65
404.246,362.867,0.65
402.278,362.512,0.65
400.31,362.156,0.65
398.342,361.8,0.65
396.511,361.003,0.65
394.691,360.174,0.65
392.871,359.346,0.65
391.05,358.518,0.65
389.373,357.441,0.65
387.742,356.283,0.65
386.112,355.124,0.65
384.482,353.966,0.65
383.064,352.566,0.65
381.71,351.094,0.65
380.445,349.55,0.65
379.301,347.91,0.65
378.157,346.27,0.65
377.013,344.629,0.65
375.889,342.977,0.65
375.011,341.18,0.65
374.132,339.383,0.65
373.254,337.586,0.65
372.575,335.715,0.65
372.061,333.782,0.65
371.546,331.85,0.65
371.103,329.903,0.65
370.866,327.917,0.65
370.629,325.931,0.65
370.392,323.946,0.65
370.223,321.955,0.65
370.211,319.955,0.65
370.199,317.955,0.65
370.277,315.963,0.65
370.613,313.991,0.65
370.948,312.019,0.65
371.283,310.048,0.65
371.741,308.102,0.65
372.226,306.161,0.65
372.766,304.236,0.65
373.343,302.321,0.65
373.92,300.406,0.65
374.563,298.514,0.65
375.252,296.636,0.65
375.941,294.758,0.65
376.735,292.924,0.65
377.572,291.107,0.65
378.605,289.401,0.65
379.711,287.734,0.65
380.817,286.068,0.65
381.985,284.446,0.65
383.201,282.858,0.65
384.417,281.27,0.65
385.634,279.683,0.65
386.902,278.138,0.65
388.223,276.636,0.65
389.544,275.135,0.65
390.866,273.633,0.65
392.195,272.139,0.65
393.617,270.734,0.65
395.04,269.328,0.65
396.463,267.923,0.65
397.886,266.517,0.65
399.379,265.188,0.65
400.906,263.897,0.65
402.433,262.605,0.65
403.961,261.314,0.65
405.488,260.023,0.65
407.015,258.731,0.65
408.562,257.464,0.65
410.125,256.216,0.65
411.688,254.969,0.65
413.251,253.721,0.65
414.85,252.52,0.65
416.48,251.361,0.65
418.109,250.202,0.65
419.739,249.043,0.65
421.369,247.883,0.65
423.023,246.76,0.65
424.688,245.651,0.65
426.352,244.542,0.65
428.026,243.448,0.65
429.711,242.371,0.65
431.397,241.294,0.65
433.082,240.217,0.65
434.786,239.171,0.65
436.522,238.178,0.65
438.258,237.185,0.65
439.994,236.192,0.65
441.729,235.198,0.65
443.465,234.203,0.65
445.2,233.209,0.65
446.938,232.219,0.65
448.675,231.228,0.65
450.412,230.237,0.65
452.15,229.246,0.65
453.887,228.256,0.65
455.626,227.267,0.65
457.365,226.28,0.65
459.104,225.292,0.65
460.843,224.304,0.65
462.591,223.332,0.65
464.351,222.383,0.65
466.112,221.434,0.65
467.872,220.485,0.65
469.633,219.536,0.65
471.394,218.588,0.65
473.155,217.64,0.65
474.916,216.693,0.65
476.728,215.852,0.65
478.583,215.105,0.65
480.438,214.358,0.65
482.294,213.611,0.65
484.164,212.907,0.65
486.078,212.328,0.65
487.993,211.75,0.65
489.907,211.171,0.65
491.822,210.592,0.65
493.809,210.416,0.65
495.805,210.286,0.65
497.804,210.301,0.65
499.804,210.329,0.65
501.804,210.358,0.65
503.789,210.517,0.65
505.743,210.941,0.65
507.698,211.366,0.65
509.652,211.79,0.65
511.607,212.214,0.65
513.443,213.002,0.65
515.27,213.815,0.65
517.002,214.814,0.65
518.735,215.813,0.65
520.468,216.812,0.65
521.997,218.098,0.65
523.514,219.401,0.65
524.924,220.813,0.65
526.24,222.319,0.65
527.54,223.837,0.65
528.622,225.519,0.65
529.576,227.266,0.65
530.298,229.131,0.65
531.021,230.996,0.65
531.462,232.941,0.65
531.829,234.907,0.65
532.196,236.873,0.65
532.33,238.858,0.65
532.282,240.857,0.65
532.234,242.856,0.65
532.106,244.849,0.65
531.826,246.83,0.65
531.546,248.81,0.65
531.266,250.79,0.65
530.986,252.77,0.65
530.706,254.751,0.65
530.426,256.731,0.65
530.119,258.706,0.65
529.668,260.655,0.65
529.217,262.603,0.65
528.766,264.552,0.65
528.314,266.5,0.65
527.863,268.449,0.65
527.31,270.366,0.65
526.617,272.243,0.65
525.924,274.119,0.65
525.232,275.995,0.65
524.425,277.818,0.65
523.438,279.558,0.65
522.452,281.298,0.65
521.465,283.037,0.65
520.478,284.777,0.65
519.491,286.517,0.65
518.505,288.256,0.65
517.518,289.996,0.65
516.423,291.669,0.65
515.324,293.34,0.65
514.225,295.012,0.65
513.127,296.683,0.65
512.028,298.354,0.65
510.93,300.025,0.65
509.758,301.644,0.65
508.529,303.222,0.65
